shat,w_size,M,pA,rep,o999,o9999,o99999,o999_irs,o9999_irs,o99999_irs
0.001,10000.0,1,0.0001,est,0.000825,0.0,0.0,0.0,0.0,0.0
0.001,10000.0,1,0.0001,0,0.000675,0.0,0.0,0.0,0.0,0.0
0.001,10000.0,1,0.0001,1,0.001,0.0,0.0,0.0,0.0,0.0
0.001,10000.0,1,0.0001,2,0.00085,0.0,0.0,0.0,0.0,0.0
0.001,10000.0,1,0.0001,3,0.000825,0.0,0.0,0.0,0.0,0.0
0.001,10000.0,1,0.0001,4,0.000725,0.0,0.0,0.0,0.0,0.0
0.001,10000.0,1,0.0001,5,0.000675,0.0,0.0,0.0,0.0,0.0
0.001,10000.0,1,0.0001,6,0.0009,0.0,0.0,0.0,0.0,0.0
0.001,10000.0,1,0.0001,7,0.000875,0.0,0.0,0.0,0.0,0.0
0.001,10000.0,1,0.0001,8,0.0008,0.0,0.0,0.0,0.0,0.0
0.001,10000.0,1,0.0001,9,0.00085,0.0,0.0,0.0,0.0,0.0
0.001,10000.0,1,0.0001,10,0.00085,0.0,0.0,0.0,0.0,0.0
0.001,10000.0,1,0.0001,11,0.0007,0.0,0.0,0.0,0.0,0.0
0.001,10000.0,1,0.0001,12,0.000875,0.0,0.0,0.0,0.0,0.0
0.001,10000.0,1,0.0001,13,0.000575,0.0,0.0,0.0,0.0,0.0
0.001,10000.0,1,0.0001,14,0.000725,0.0,0.0,0.0,0.0,0.0
0.001,10000.0,1,0.0001,15,0.000775,0.0,0.0,0.0,0.0,0.0
0.001,10000.0,1,0.0001,16,0.0009,0.0,0.0,0.0,0.0,0.0
0.001,10000.0,1,0.0001,17,0.001225,0.0,0.0,0.0,0.0,0.0
0.001,10000.0,1,0.0001,18,0.00085,0.0,0.0,0.0,0.0,0.0
0.001,10000.0,1,0.0001,19,0.000775,0.0,0.0,0.0,0.0,0.0
0.001,10000.0,1,0.0001,20,0.000925,0.0,0.0,0.0,0.0,0.0
0.001,10000.0,1,0.0001,21,0.00105,0.0,0.0,0.0,0.0,0.0
0.001,10000.0,1,0.0001,22,0.000875,0.0,0.0,0.0,0.0,0.0
0.001,10000.0,1,0.0001,23,0.0008,0.0,0.0,0.0,0.0,0.0
0.001,10000.0,1,0.0001,24,0.000775,0.0,0.0,0.0,0.0,0.0
0.001,10000.0,1,0.0001,25,0.000675,0.0,0.0,0.0,0.0,0.0
0.001,10000.0,1,0.0001,26,0.00075,0.0,0.0,0.0,0.0,0.0
0.001,10000.0,1,0.0001,27,0.000725,0.0,0.0,0.0,0.0,0.0
0.001,10000.0,1,0.0001,28,0.00075,0.0,0.0,0.0,0.0,0.0
0.001,10000.0,1,0.0001,29,0.001125,0.0,0.0,0.0,0.0,0.0
0.001,10000.0,1,0.0001,30,0.000925,0.0,0.0,0.0,0.0,0.0
0.001,10000.0,1,0.0001,31,0.00095,0.0,0.0,0.0,0.0,0.0
0.001,10000.0,1,0.0001,32,0.000925,0.0,0.0,0.0,0.0,0.0
0.001,10000.0,1,0.0001,33,0.00075,0.0,0.0,0.0,0.0,0.0
0.001,10000.0,1,0.0001,34,0.000775,0.0,0.0,0.0,0.0,0.0
0.001,10000.0,1,0.0001,35,0.000575,0.0,0.0,0.0,0.0,0.0
0.001,10000.0,1,0.0001,36,0.00095,0.0,0.0,0.0,0.0,0.0
0.001,10000.0,1,0.0001,37,0.000875,0.0,0.0,0.0,0.0,0.0
0.001,10000.0,1,0.0001,38,0.00095,0.0,0.0,0.0,0.0,0.0
0.001,10000.0,1,0.0001,39,0.000925,0.0,0.0,0.0,0.0,0.0
0.001,10000.0,1,0.0001,40,0.00085,0.0,0.0,0.0,0.0,0.0
0.001,10000.0,1,0.0001,41,0.00075,0.0,0.0,0.0,0.0,0.0
0.001,10000.0,1,0.0001,42,0.000925,0.0,0.0,0.0,0.0,0.0
0.001,10000.0,1,0.0001,43,0.001,0.0,0.0,0.0,0.0,0.0
0.001,10000.0,1,0.0001,44,0.000925,0.0,0.0,0.0,0.0,0.0
0.001,10000.0,1,0.0001,45,0.00075,0.0,0.0,0.0,0.0,0.0
0.001,10000.0,1,0.0001,46,0.00095,0.0,0.0,0.0,0.0,0.0
0.001,10000.0,1,0.0001,47,0.000825,0.0,0.0,0.0,0.0,0.0
0.001,10000.0,1,0.0001,48,0.000825,0.0,0.0,0.0,0.0,0.0
0.001,10000.0,1,0.0001,49,0.000675,0.0,0.0,0.0,0.0,0.0
0.001,10000.0,1,0.0001,50,0.001175,0.0,0.0,0.0,0.0,0.0
0.001,10000.0,1,0.0001,51,0.001175,0.0,0.0,0.0,0.0,0.0
0.001,10000.0,1,0.0001,52,0.000925,0.0,0.0,0.0,0.0,0.0
0.001,10000.0,1,0.0001,53,0.0008,0.0,0.0,0.0,0.0,0.0
0.001,10000.0,1,0.0001,54,0.00075,0.0,0.0,0.0,0.0,0.0
0.001,10000.0,1,0.0001,55,0.000925,0.0,0.0,0.0,0.0,0.0
0.001,10000.0,1,0.0001,56,0.0009,0.0,0.0,0.0,0.0,0.0
0.001,10000.0,1,0.0001,57,0.00075,0.0,0.0,0.0,0.0,0.0
0.001,10000.0,1,0.0001,58,0.0006,0.0,0.0,0.0,0.0,0.0
0.001,10000.0,1,0.0001,59,0.001075,0.0,0.0,0.0,0.0,0.0
0.001,10000.0,1,0.0001,60,0.00095,0.0,0.0,0.0,0.0,0.0
0.001,10000.0,1,0.0001,61,0.000875,0.0,0.0,0.0,0.0,0.0
0.001,10000.0,1,0.0001,62,0.000775,0.0,0.0,0.0,0.0,0.0
0.001,10000.0,1,0.0001,63,0.000725,0.0,0.0,0.0,0.0,0.0
0.001,10000.0,1,0.0001,64,0.001,0.0,0.0,0.0,0.0,0.0
0.001,10000.0,1,0.0001,65,0.00095,0.0,0.0,0.0,0.0,0.0
0.001,10000.0,1,0.0001,66,0.000875,0.0,0.0,0.0,0.0,0.0
0.001,10000.0,1,0.0001,67,0.001175,0.0,0.0,0.0,0.0,0.0
0.001,10000.0,1,0.0001,68,0.000725,0.0,0.0,0.0,0.0,0.0
0.001,10000.0,1,0.0001,69,0.00075,0.0,0.0,0.0,0.0,0.0
0.001,10000.0,1,0.0001,70,0.000725,0.0,0.0,0.0,0.0,0.0
0.001,10000.0,1,0.0001,71,0.00075,0.0,0.0,0.0,0.0,0.0
0.001,10000.0,1,0.0001,72,0.0009,0.0,0.0,0.0,0.0,0.0
0.001,10000.0,1,0.0001,73,0.000925,0.0,0.0,0.0,0.0,0.0
0.001,10000.0,1,0.0001,74,0.000875,0.0,0.0,0.0,0.0,0.0
0.001,10000.0,1,0.0001,75,0.001075,0.0,0.0,0.0,0.0,0.0
0.001,10000.0,1,0.0001,76,0.0008,0.0,0.0,0.0,0.0,0.0
0.001,10000.0,1,0.0001,77,0.000975,0.0,0.0,0.0,0.0,0.0
0.001,10000.0,1,0.0001,78,0.000675,0.0,0.0,0.0,0.0,0.0
0.001,10000.0,1,0.0001,79,0.0007,0.0,0.0,0.0,0.0,0.0
0.001,10000.0,1,0.0001,80,0.000925,0.0,0.0,0.0,0.0,0.0
0.001,10000.0,1,0.0001,81,0.001025,0.0,0.0,0.0,0.0,0.0
0.001,10000.0,1,0.0001,82,0.0009,0.0,0.0,0.0,0.0,0.0
0.001,10000.0,1,0.0001,83,0.0007,0.0,0.0,0.0,0.0,0.0
0.001,10000.0,1,0.0001,84,0.00095,0.0,0.0,0.0,0.0,0.0
0.001,10000.0,1,0.0001,85,0.00085,0.0,0.0,0.0,0.0,0.0
0.001,10000.0,1,0.0001,86,0.000725,0.0,0.0,0.0,0.0,0.0
0.001,10000.0,1,0.0001,87,0.001025,0.0,0.0,0.0,0.0,0.0
0.001,10000.0,1,0.0001,88,0.000975,0.0,0.0,0.0,0.0,0.0
0.001,10000.0,1,0.0001,89,0.0009,0.0,0.0,0.0,0.0,0.0
0.001,10000.0,1,0.0001,90,0.000925,0.0,0.0,0.0,0.0,0.0
0.001,10000.0,1,0.0001,91,0.001075,0.0,0.0,0.0,0.0,0.0
0.001,10000.0,1,0.0001,92,0.0009,0.0,0.0,0.0,0.0,0.0
0.001,10000.0,1,0.0001,93,0.0007,0.0,0.0,0.0,0.0,0.0
0.001,10000.0,1,0.0001,94,0.000825,0.0,0.0,0.0,0.0,0.0
0.001,10000.0,1,0.0001,95,0.000625,0.0,0.0,0.0,0.0,0.0
0.001,10000.0,1,0.0001,96,0.00075,0.0,0.0,0.0,0.0,0.0
0.001,10000.0,1,0.0001,97,0.001025,0.0,0.0,0.0,0.0,0.0
0.001,10000.0,1,0.0001,98,0.0009,0.0,0.0,0.0,0.0,0.0
0.001,10000.0,1,0.0001,99,0.001075,0.0,0.0,0.0,0.0,0.0
0.001,10000.0,1,0.0001,100,0.000825,0.0,0.0,0.0,0.0,0.0
0.001,10000.0,1,0.0001,101,0.001025,0.0,0.0,0.0,0.0,0.0
0.001,10000.0,1,0.0001,102,0.000875,0.0,0.0,0.0,0.0,0.0
0.001,10000.0,1,0.0001,103,0.000875,0.0,0.0,0.0,0.0,0.0
0.001,10000.0,1,0.0001,104,0.00085,0.0,0.0,0.0,0.0,0.0
0.001,10000.0,1,0.0001,105,0.00105,0.0,0.0,0.0,0.0,0.0
0.001,10000.0,1,0.0001,106,0.000825,0.0,0.0,0.0,0.0,0.0
0.001,10000.0,1,0.0001,107,0.0007,0.0,0.0,0.0,0.0,0.0
0.001,10000.0,1,0.0001,108,0.00085,0.0,0.0,0.0,0.0,0.0
0.001,10000.0,1,0.0001,109,0.000775,0.0,0.0,0.0,0.0,0.0
0.001,10000.0,1,0.0001,110,0.000925,0.0,0.0,0.0,0.0,0.0
0.001,10000.0,1,0.0001,111,0.000775,0.0,0.0,0.0,0.0,0.0
0.001,10000.0,1,0.0001,112,0.000725,0.0,0.0,0.0,0.0,0.0
0.001,10000.0,1,0.0001,113,0.000775,0.0,0.0,0.0,0.0,0.0
0.001,10000.0,1,0.0001,114,0.000675,0.0,0.0,0.0,0.0,0.0
0.001,10000.0,1,0.0001,115,0.00085,0.0,0.0,0.0,0.0,0.0
0.001,10000.0,1,0.0001,116,0.000575,0.0,0.0,0.0,0.0,0.0
0.001,10000.0,1,0.0001,117,0.00085,0.0,0.0,0.0,0.0,0.0
0.001,10000.0,1,0.0001,118,0.00085,0.0,0.0,0.0,0.0,0.0
0.001,10000.0,1,0.0001,119,0.00095,0.0,0.0,0.0,0.0,0.0
0.001,10000.0,1,0.0001,120,0.000525,0.0,0.0,0.0,0.0,0.0
0.001,10000.0,1,0.0001,121,0.000725,0.0,0.0,0.0,0.0,0.0
0.001,10000.0,1,0.0001,122,0.000875,0.0,0.0,0.0,0.0,0.0
0.001,10000.0,1,0.0001,123,0.000725,0.0,0.0,0.0,0.0,0.0
0.001,10000.0,1,0.0001,124,0.001,0.0,0.0,0.0,0.0,0.0
0.001,10000.0,1,0.0001,125,0.0009,0.0,0.0,0.0,0.0,0.0
0.001,10000.0,1,0.0001,126,0.000925,0.0,0.0,0.0,0.0,0.0
0.001,10000.0,1,0.0001,127,0.001025,0.0,0.0,0.0,0.0,0.0
0.001,10000.0,1,0.0001,128,0.000925,0.0,0.0,0.0,0.0,0.0
0.001,10000.0,1,0.0001,129,0.000675,0.0,0.0,0.0,0.0,0.0
0.001,10000.0,1,0.0001,130,0.0011,0.0,0.0,0.0,0.0,0.0
0.001,10000.0,1,0.0001,131,0.001125,0.0,0.0,0.0,0.0,0.0
0.001,10000.0,1,0.0001,132,0.000775,0.0,0.0,0.0,0.0,0.0
0.001,10000.0,1,0.0001,133,0.00095,0.0,0.0,0.0,0.0,0.0
0.001,10000.0,1,0.0001,134,0.0009,0.0,0.0,0.0,0.0,0.0
0.001,10000.0,1,0.0001,135,0.000775,0.0,0.0,0.0,0.0,0.0
0.001,10000.0,1,0.0001,136,0.000925,0.0,0.0,0.0,0.0,0.0
0.001,10000.0,1,0.0001,137,0.000875,0.0,0.0,0.0,0.0,0.0
0.001,10000.0,1,0.0001,138,0.0009,0.0,0.0,0.0,0.0,0.0
0.001,10000.0,1,0.0001,139,0.0008,0.0,0.0,0.0,0.0,0.0
0.001,10000.0,1,0.0001,140,0.0011,0.0,0.0,0.0,0.0,0.0
0.001,10000.0,1,0.0001,141,0.00095,0.0,0.0,0.0,0.0,0.0
0.001,10000.0,1,0.0001,142,0.0011,0.0,0.0,0.0,0.0,0.0
0.001,10000.0,1,0.0001,143,0.00075,0.0,0.0,0.0,0.0,0.0
0.001,10000.0,1,0.0001,144,0.000875,0.0,0.0,0.0,0.0,0.0
0.001,10000.0,1,0.0001,145,0.000725,0.0,0.0,0.0,0.0,0.0
0.001,10000.0,1,0.0001,146,0.001025,0.0,0.0,0.0,0.0,0.0
0.001,10000.0,1,0.0001,147,0.00085,0.0,0.0,0.0,0.0,0.0
0.001,10000.0,1,0.0001,148,0.0009,0.0,0.0,0.0,0.0,0.0
0.001,10000.0,1,0.0001,149,0.00075,0.0,0.0,0.0,0.0,0.0
0.001,10000.0,1,0.0001,150,0.000825,0.0,0.0,0.0,0.0,0.0
0.001,10000.0,1,0.0001,151,0.00085,0.0,0.0,0.0,0.0,0.0
0.001,10000.0,1,0.0001,152,0.0004,0.0,0.0,0.0,0.0,0.0
0.001,10000.0,1,0.0001,153,0.00065,0.0,0.0,0.0,0.0,0.0
0.001,10000.0,1,0.0001,154,0.00065,0.0,0.0,0.0,0.0,0.0
0.001,10000.0,1,0.0001,155,0.000825,0.0,0.0,0.0,0.0,0.0
0.001,10000.0,1,0.0001,156,0.000475,0.0,0.0,0.0,0.0,0.0
0.001,10000.0,1,0.0001,157,0.00075,0.0,0.0,0.0,0.0,0.0
0.001,10000.0,1,0.0001,158,0.0009,0.0,0.0,0.0,0.0,0.0
0.001,10000.0,1,0.0001,159,0.00095,0.0,0.0,0.0,0.0,0.0
0.001,10000.0,1,0.0001,160,0.0008,0.0,0.0,0.0,0.0,0.0
0.001,10000.0,1,0.0001,161,0.000925,0.0,0.0,0.0,0.0,0.0
0.001,10000.0,1,0.0001,162,0.000725,0.0,0.0,0.0,0.0,0.0
0.001,10000.0,1,0.0001,163,0.001,0.0,0.0,0.0,0.0,0.0
0.001,10000.0,1,0.0001,164,0.0009,0.0,0.0,0.0,0.0,0.0
0.001,10000.0,1,0.0001,165,0.000925,0.0,0.0,0.0,0.0,0.0
0.001,10000.0,1,0.0001,166,0.000925,0.0,0.0,0.0,0.0,0.0
0.001,10000.0,1,0.0001,167,0.001025,0.0,0.0,0.0,0.0,0.0
0.001,10000.0,1,0.0001,168,0.001075,0.0,0.0,0.0,0.0,0.0
0.001,10000.0,1,0.0001,169,0.001,0.0,0.0,0.0,0.0,0.0
0.001,10000.0,1,0.0001,170,0.000825,0.0,0.0,0.0,0.0,0.0
0.001,10000.0,1,0.0001,171,0.00075,0.0,0.0,0.0,0.0,0.0
0.001,10000.0,1,0.0001,172,0.0007,0.0,0.0,0.0,0.0,0.0
0.001,10000.0,1,0.0001,173,0.000775,0.0,0.0,0.0,0.0,0.0
0.001,10000.0,1,0.0001,174,0.000575,0.0,0.0,0.0,0.0,0.0
0.001,10000.0,1,0.0001,175,0.0007,0.0,0.0,0.0,0.0,0.0
0.001,10000.0,1,0.0001,176,0.0006,0.0,0.0,0.0,0.0,0.0
0.001,10000.0,1,0.0001,177,0.0008,0.0,0.0,0.0,0.0,0.0
0.001,10000.0,1,0.0001,178,0.00085,0.0,0.0,0.0,0.0,0.0
0.001,10000.0,1,0.0001,179,0.00065,0.0,0.0,0.0,0.0,0.0
0.001,10000.0,1,0.0001,180,0.0007,0.0,0.0,0.0,0.0,0.0
0.001,10000.0,1,0.0001,181,0.0007,0.0,0.0,0.0,0.0,0.0
0.001,10000.0,1,0.0001,182,0.000675,0.0,0.0,0.0,0.0,0.0
0.001,10000.0,1,0.0001,183,0.000675,0.0,0.0,0.0,0.0,0.0
0.001,10000.0,1,0.0001,184,0.000975,0.0,0.0,0.0,0.0,0.0
0.001,10000.0,1,0.0001,185,0.000675,0.0,0.0,0.0,0.0,0.0
0.001,10000.0,1,0.0001,186,0.000925,0.0,0.0,0.0,0.0,0.0
0.001,10000.0,1,0.0001,187,0.001125,0.0,0.0,0.0,0.0,0.0
0.001,10000.0,1,0.0001,188,0.00115,0.0,0.0,0.0,0.0,0.0
0.001,10000.0,1,0.0001,189,0.001075,0.0,0.0,0.0,0.0,0.0
0.001,10000.0,1,0.0001,190,0.00055,0.0,0.0,0.0,0.0,0.0
0.001,10000.0,1,0.0001,191,0.00075,0.0,0.0,0.0,0.0,0.0
0.001,10000.0,1,0.0001,192,0.000575,0.0,0.0,0.0,0.0,0.0
0.001,10000.0,1,0.0001,193,0.00075,0.0,0.0,0.0,0.0,0.0
0.001,10000.0,1,0.0001,194,0.000925,0.0,0.0,0.0,0.0,0.0
0.001,10000.0,1,0.0001,195,0.000775,0.0,0.0,0.0,0.0,0.0
0.001,10000.0,1,0.0001,196,0.0007,0.0,0.0,0.0,0.0,0.0
0.001,10000.0,1,0.0001,197,0.0007,0.0,0.0,0.0,0.0,0.0
0.001,10000.0,1,0.0001,198,0.000675,0.0,0.0,0.0,0.0,0.0
0.001,10000.0,1,0.0001,199,0.000925,0.0,0.0,0.0,0.0,0.0
0.001,10000.0,1,0.0001,200,0.000975,0.0,0.0,0.0,0.0,0.0
0.001,10000.0,1,0.0001,201,0.0007,0.0,0.0,0.0,0.0,0.0
0.001,10000.0,1,0.0001,202,0.000825,0.0,0.0,0.0,0.0,0.0
0.001,10000.0,1,0.0001,203,0.000875,0.0,0.0,0.0,0.0,0.0
0.001,10000.0,1,0.0001,204,0.00095,0.0,0.0,0.0,0.0,0.0
0.001,10000.0,1,0.0001,205,0.000625,0.0,0.0,0.0,0.0,0.0
0.001,10000.0,1,0.0001,206,0.0009,0.0,0.0,0.0,0.0,0.0
0.001,10000.0,1,0.0001,207,0.000925,0.0,0.0,0.0,0.0,0.0
0.001,10000.0,1,0.0001,208,0.001275,0.0,0.0,0.0,0.0,0.0
0.001,10000.0,1,0.0001,209,0.00075,0.0,0.0,0.0,0.0,0.0
0.001,10000.0,1,0.0001,210,0.00085,0.0,0.0,0.0,0.0,0.0
0.001,10000.0,1,0.0001,211,0.0007,0.0,0.0,0.0,0.0,0.0
0.001,10000.0,1,0.0001,212,0.000675,0.0,0.0,0.0,0.0,0.0
0.001,10000.0,1,0.0001,213,0.000725,0.0,0.0,0.0,0.0,0.0
0.001,10000.0,1,0.0001,214,0.000925,0.0,0.0,0.0,0.0,0.0
0.001,10000.0,1,0.0001,215,0.00105,0.0,0.0,0.0,0.0,0.0
0.001,10000.0,1,0.0001,216,0.0008,0.0,0.0,0.0,0.0,0.0
0.001,10000.0,1,0.0001,217,0.00075,0.0,0.0,0.0,0.0,0.0
0.001,10000.0,1,0.0001,218,0.000725,0.0,0.0,0.0,0.0,0.0
0.001,10000.0,1,0.0001,219,0.00095,0.0,0.0,0.0,0.0,0.0
0.001,10000.0,1,0.0001,220,0.000725,0.0,0.0,0.0,0.0,0.0
0.001,10000.0,1,0.0001,221,0.000875,0.0,0.0,0.0,0.0,0.0
0.001,10000.0,1,0.0001,222,0.000775,0.0,0.0,0.0,0.0,0.0
0.001,10000.0,1,0.0001,223,0.000925,0.0,0.0,0.0,0.0,0.0
0.001,10000.0,1,0.0001,224,0.000675,0.0,0.0,0.0,0.0,0.0
0.001,10000.0,1,0.0001,225,0.000825,0.0,0.0,0.0,0.0,0.0
0.001,10000.0,1,0.0001,226,0.000575,0.0,0.0,0.0,0.0,0.0
0.001,10000.0,1,0.0001,227,0.000675,0.0,0.0,0.0,0.0,0.0
0.001,10000.0,1,0.0001,228,0.000825,0.0,0.0,0.0,0.0,0.0
0.001,10000.0,1,0.0001,229,0.000575,0.0,0.0,0.0,0.0,0.0
0.001,10000.0,1,0.0001,230,0.00075,0.0,0.0,0.0,0.0,0.0
0.001,10000.0,1,0.0001,231,0.00095,0.0,0.0,0.0,0.0,0.0
0.001,10000.0,1,0.0001,232,0.0007,0.0,0.0,0.0,0.0,0.0
0.001,10000.0,1,0.0001,233,0.0009,0.0,0.0,0.0,0.0,0.0
0.001,10000.0,1,0.0001,234,0.00085,0.0,0.0,0.0,0.0,0.0
0.001,10000.0,1,0.0001,235,0.000775,0.0,0.0,0.0,0.0,0.0
0.001,10000.0,1,0.0001,236,0.0006,0.0,0.0,0.0,0.0,0.0
0.001,10000.0,1,0.0001,237,0.0009,0.0,0.0,0.0,0.0,0.0
0.001,10000.0,1,0.0001,238,0.0008,0.0,0.0,0.0,0.0,0.0
0.001,10000.0,1,0.0001,239,0.000725,0.0,0.0,0.0,0.0,0.0
0.001,10000.0,1,0.0001,240,0.000725,0.0,0.0,0.0,0.0,0.0
0.001,10000.0,1,0.0001,241,0.00095,0.0,0.0,0.0,0.0,0.0
0.001,10000.0,1,0.0001,242,0.00065,0.0,0.0,0.0,0.0,0.0
0.001,10000.0,1,0.0001,243,0.001,0.0,0.0,0.0,0.0,0.0
0.001,10000.0,1,0.0001,244,0.00085,0.0,0.0,0.0,0.0,0.0
0.001,10000.0,1,0.0001,245,0.0007,0.0,0.0,0.0,0.0,0.0
0.001,10000.0,1,0.0001,246,0.00105,0.0,0.0,0.0,0.0,0.0
0.001,10000.0,1,0.0001,247,0.0008,0.0,0.0,0.0,0.0,0.0
0.001,10000.0,1,0.0001,248,0.000775,0.0,0.0,0.0,0.0,0.0
0.001,10000.0,1,0.0001,249,0.0009,0.0,0.0,0.0,0.0,0.0
0.001,10000.0,1,0.0001,250,0.000875,0.0,0.0,0.0,0.0,0.0
0.001,10000.0,1,0.0001,251,0.00075,0.0,0.0,0.0,0.0,0.0
0.001,10000.0,1,0.0001,252,0.000525,0.0,0.0,0.0,0.0,0.0
0.001,10000.0,1,0.0001,253,0.000775,0.0,0.0,0.0,0.0,0.0
0.001,10000.0,1,0.0001,254,0.0009,0.0,0.0,0.0,0.0,0.0
0.001,10000.0,1,0.0001,255,0.000725,0.0,0.0,0.0,0.0,0.0
0.001,10000.0,1,0.0001,256,0.000975,0.0,0.0,0.0,0.0,0.0
0.001,10000.0,1,0.0001,257,0.000725,0.0,0.0,0.0,0.0,0.0
0.001,10000.0,1,0.0001,258,0.00085,0.0,0.0,0.0,0.0,0.0
0.001,10000.0,1,0.0001,259,0.0009,0.0,0.0,0.0,0.0,0.0
0.001,10000.0,1,0.0001,260,0.0006,0.0,0.0,0.0,0.0,0.0
0.001,10000.0,1,0.0001,261,0.0008,0.0,0.0,0.0,0.0,0.0
0.001,10000.0,1,0.0001,262,0.000975,0.0,0.0,0.0,0.0,0.0
0.001,10000.0,1,0.0001,263,0.000825,0.0,0.0,0.0,0.0,0.0
0.001,10000.0,1,0.0001,264,0.000925,0.0,0.0,0.0,0.0,0.0
0.001,10000.0,1,0.0001,265,0.00075,0.0,0.0,0.0,0.0,0.0
0.001,10000.0,1,0.0001,266,0.0008,0.0,0.0,0.0,0.0,0.0
0.001,10000.0,1,0.0001,267,0.0006,0.0,0.0,0.0,0.0,0.0
0.001,10000.0,1,0.0001,268,0.000675,0.0,0.0,0.0,0.0,0.0
0.001,10000.0,1,0.0001,269,0.0009,0.0,0.0,0.0,0.0,0.0
0.001,10000.0,1,0.0001,270,0.001025,0.0,0.0,0.0,0.0,0.0
0.001,10000.0,1,0.0001,271,0.000725,0.0,0.0,0.0,0.0,0.0
0.001,10000.0,1,0.0001,272,0.0009,0.0,0.0,0.0,0.0,0.0
0.001,10000.0,1,0.0001,273,0.000925,0.0,0.0,0.0,0.0,0.0
0.001,10000.0,1,0.0001,274,0.00075,0.0,0.0,0.0,0.0,0.0
0.001,10000.0,1,0.0001,275,0.000975,0.0,0.0,0.0,0.0,0.0
0.001,10000.0,1,0.0001,276,0.000575,0.0,0.0,0.0,0.0,0.0
0.001,10000.0,1,0.0001,277,0.00075,0.0,0.0,0.0,0.0,0.0
0.001,10000.0,1,0.0001,278,0.000775,0.0,0.0,0.0,0.0,0.0
0.001,10000.0,1,0.0001,279,0.000725,0.0,0.0,0.0,0.0,0.0
0.001,10000.0,1,0.0001,280,0.00075,0.0,0.0,0.0,0.0,0.0
0.001,10000.0,1,0.0001,281,0.000925,0.0,0.0,0.0,0.0,0.0
0.001,10000.0,1,0.0001,282,0.00085,0.0,0.0,0.0,0.0,0.0
0.001,10000.0,1,0.0001,283,0.00115,0.0,0.0,0.0,0.0,0.0
0.001,10000.0,1,0.0001,284,0.00075,0.0,0.0,0.0,0.0,0.0
0.001,10000.0,1,0.0001,285,0.001,0.0,0.0,0.0,0.0,0.0
0.001,10000.0,1,0.0001,286,0.000675,0.0,0.0,0.0,0.0,0.0
0.001,10000.0,1,0.0001,287,0.000775,0.0,0.0,0.0,0.0,0.0
0.001,10000.0,1,0.0001,288,0.00065,0.0,0.0,0.0,0.0,0.0
0.001,10000.0,1,0.0001,289,0.00085,0.0,0.0,0.0,0.0,0.0
0.001,10000.0,1,0.0001,290,0.000725,0.0,0.0,0.0,0.0,0.0
0.001,10000.0,1,0.0001,291,0.0007,0.0,0.0,0.0,0.0,0.0
0.001,10000.0,1,0.0001,292,0.000925,0.0,0.0,0.0,0.0,0.0
0.001,10000.0,1,0.0001,293,0.00075,0.0,0.0,0.0,0.0,0.0
0.001,10000.0,1,0.0001,294,0.000975,0.0,0.0,0.0,0.0,0.0
0.001,10000.0,1,0.0001,295,0.000775,0.0,0.0,0.0,0.0,0.0
0.001,10000.0,1,0.0001,296,0.001025,0.0,0.0,0.0,0.0,0.0
0.001,10000.0,1,0.0001,297,0.00095,0.0,0.0,0.0,0.0,0.0
0.001,10000.0,1,0.0001,298,0.000875,0.0,0.0,0.0,0.0,0.0
0.001,10000.0,1,0.0001,299,0.00085,0.0,0.0,0.0,0.0,0.0
0.001,10000.0,1,0.0001,300,0.000825,0.0,0.0,0.0,0.0,0.0
0.001,10000.0,1,0.0001,301,0.00055,0.0,0.0,0.0,0.0,0.0
0.001,10000.0,1,0.0001,302,0.00055,0.0,0.0,0.0,0.0,0.0
0.001,10000.0,1,0.0001,303,0.000675,0.0,0.0,0.0,0.0,0.0
0.001,10000.0,1,0.0001,304,0.000525,0.0,0.0,0.0,0.0,0.0
0.001,10000.0,1,0.0001,305,0.000825,0.0,0.0,0.0,0.0,0.0
0.001,10000.0,1,0.0001,306,0.000925,0.0,0.0,0.0,0.0,0.0
0.001,10000.0,1,0.0001,307,0.0011,0.0,0.0,0.0,0.0,0.0
0.001,10000.0,1,0.0001,308,0.00075,0.0,0.0,0.0,0.0,0.0
0.001,10000.0,1,0.0001,309,0.0011,0.0,0.0,0.0,0.0,0.0
0.001,10000.0,1,0.0001,310,0.00095,0.0,0.0,0.0,0.0,0.0
0.001,10000.0,1,0.0001,311,0.00075,0.0,0.0,0.0,0.0,0.0
0.001,10000.0,1,0.0001,312,0.0006,0.0,0.0,0.0,0.0,0.0
0.001,10000.0,1,0.0001,313,0.0009,0.0,0.0,0.0,0.0,0.0
0.001,10000.0,1,0.0001,314,0.00075,0.0,0.0,0.0,0.0,0.0
0.001,10000.0,1,0.0001,315,0.000875,0.0,0.0,0.0,0.0,0.0
0.001,10000.0,1,0.0001,316,0.0009,0.0,0.0,0.0,0.0,0.0
0.001,10000.0,1,0.0001,317,0.000625,0.0,0.0,0.0,0.0,0.0
0.001,10000.0,1,0.0001,318,0.000525,0.0,0.0,0.0,0.0,0.0
0.001,10000.0,1,0.0001,319,0.000725,0.0,0.0,0.0,0.0,0.0
0.001,10000.0,1,0.0001,320,0.0009,0.0,0.0,0.0,0.0,0.0
0.001,10000.0,1,0.0001,321,0.00085,0.0,0.0,0.0,0.0,0.0
0.001,10000.0,1,0.0001,322,0.0009,0.0,0.0,0.0,0.0,0.0
0.001,10000.0,1,0.0001,323,0.00105,0.0,0.0,0.0,0.0,0.0
0.001,10000.0,1,0.0001,324,0.000425,0.0,0.0,0.0,0.0,0.0
0.001,10000.0,1,0.0001,325,0.000675,0.0,0.0,0.0,0.0,0.0
0.001,10000.0,1,0.0001,326,0.0007,0.0,0.0,0.0,0.0,0.0
0.001,10000.0,1,0.0001,327,0.00085,0.0,0.0,0.0,0.0,0.0
0.001,10000.0,1,0.0001,328,0.000925,0.0,0.0,0.0,0.0,0.0
0.001,10000.0,1,0.0001,329,0.00085,0.0,0.0,0.0,0.0,0.0
0.001,10000.0,1,0.0001,330,0.000725,0.0,0.0,0.0,0.0,0.0
0.001,10000.0,1,0.0001,331,0.00065,0.0,0.0,0.0,0.0,0.0
0.001,10000.0,1,0.0001,332,0.00075,0.0,0.0,0.0,0.0,0.0
0.001,10000.0,1,0.0001,333,0.000825,0.0,0.0,0.0,0.0,0.0
0.001,10000.0,1,0.0001,334,0.000775,0.0,0.0,0.0,0.0,0.0
0.001,10000.0,1,0.0001,335,0.00095,0.0,0.0,0.0,0.0,0.0
0.001,10000.0,1,0.0001,336,0.00095,0.0,0.0,0.0,0.0,0.0
0.001,10000.0,1,0.0001,337,0.0009,0.0,0.0,0.0,0.0,0.0
0.001,10000.0,1,0.0001,338,0.000575,0.0,0.0,0.0,0.0,0.0
0.001,10000.0,1,0.0001,339,0.000675,0.0,0.0,0.0,0.0,0.0
0.001,10000.0,1,0.0001,340,0.00085,0.0,0.0,0.0,0.0,0.0
0.001,10000.0,1,0.0001,341,0.000625,0.0,0.0,0.0,0.0,0.0
0.001,10000.0,1,0.0001,342,0.000725,0.0,0.0,0.0,0.0,0.0
0.001,10000.0,1,0.0001,343,0.00075,0.0,0.0,0.0,0.0,0.0
0.001,10000.0,1,0.0001,344,0.000925,0.0,0.0,0.0,0.0,0.0
0.001,10000.0,1,0.0001,345,0.000875,0.0,0.0,0.0,0.0,0.0
0.001,10000.0,1,0.0001,346,0.0009,0.0,0.0,0.0,0.0,0.0
0.001,10000.0,1,0.0001,347,0.0007,0.0,0.0,0.0,0.0,0.0
0.001,10000.0,1,0.0001,348,0.000575,0.0,0.0,0.0,0.0,0.0
0.001,10000.0,1,0.0001,349,0.00065,0.0,0.0,0.0,0.0,0.0
0.001,10000.0,1,0.0001,350,0.0008,0.0,0.0,0.0,0.0,0.0
0.001,10000.0,1,0.0001,351,0.000875,0.0,0.0,0.0,0.0,0.0
0.001,10000.0,1,0.0001,352,0.00075,0.0,0.0,0.0,0.0,0.0
0.001,10000.0,1,0.0001,353,0.00095,0.0,0.0,0.0,0.0,0.0
0.001,10000.0,1,0.0001,354,0.00085,0.0,0.0,0.0,0.0,0.0
0.001,10000.0,1,0.0001,355,0.000775,0.0,0.0,0.0,0.0,0.0
0.001,10000.0,1,0.0001,356,0.000575,0.0,0.0,0.0,0.0,0.0
0.001,10000.0,1,0.0001,357,0.000725,0.0,0.0,0.0,0.0,0.0
0.001,10000.0,1,0.0001,358,0.0009,0.0,0.0,0.0,0.0,0.0
0.001,10000.0,1,0.0001,359,0.00085,0.0,0.0,0.0,0.0,0.0
0.001,10000.0,1,0.0001,360,0.000925,0.0,0.0,0.0,0.0,0.0
0.001,10000.0,1,0.0001,361,0.00075,0.0,0.0,0.0,0.0,0.0
0.001,10000.0,1,0.0001,362,0.0007,0.0,0.0,0.0,0.0,0.0
0.001,10000.0,1,0.0001,363,0.000875,0.0,0.0,0.0,0.0,0.0
0.001,10000.0,1,0.0001,364,0.000825,0.0,0.0,0.0,0.0,0.0
0.001,10000.0,1,0.0001,365,0.000825,0.0,0.0,0.0,0.0,0.0
0.001,10000.0,1,0.0001,366,0.000925,0.0,0.0,0.0,0.0,0.0
0.001,10000.0,1,0.0001,367,0.000875,0.0,0.0,0.0,0.0,0.0
0.001,10000.0,1,0.0001,368,0.0008,0.0,0.0,0.0,0.0,0.0
0.001,10000.0,1,0.0001,369,0.00065,0.0,0.0,0.0,0.0,0.0
0.001,10000.0,1,0.0001,370,0.000975,0.0,0.0,0.0,0.0,0.0
0.001,10000.0,1,0.0001,371,0.0009,0.0,0.0,0.0,0.0,0.0
0.001,10000.0,1,0.0001,372,0.00075,0.0,0.0,0.0,0.0,0.0
0.001,10000.0,1,0.0001,373,0.0008,0.0,0.0,0.0,0.0,0.0
0.001,10000.0,1,0.0001,374,0.000975,0.0,0.0,0.0,0.0,0.0
0.001,10000.0,1,0.0001,375,0.00085,0.0,0.0,0.0,0.0,0.0
0.001,10000.0,1,0.0001,376,0.000825,0.0,0.0,0.0,0.0,0.0
0.001,10000.0,1,0.0001,377,0.00085,0.0,0.0,0.0,0.0,0.0
0.001,10000.0,1,0.0001,378,0.0008,0.0,0.0,0.0,0.0,0.0
0.001,10000.0,1,0.0001,379,0.0006,0.0,0.0,0.0,0.0,0.0
0.001,10000.0,1,0.0001,380,0.000925,0.0,0.0,0.0,0.0,0.0
0.001,10000.0,1,0.0001,381,0.0008,0.0,0.0,0.0,0.0,0.0
0.001,10000.0,1,0.0001,382,0.001,0.0,0.0,0.0,0.0,0.0
0.001,10000.0,1,0.0001,383,0.000725,0.0,0.0,0.0,0.0,0.0
0.001,10000.0,1,0.0001,384,0.00095,0.0,0.0,0.0,0.0,0.0
0.001,10000.0,1,0.0001,385,0.000975,0.0,0.0,0.0,0.0,0.0
0.001,10000.0,1,0.0001,386,0.001025,0.0,0.0,0.0,0.0,0.0
0.001,10000.0,1,0.0001,387,0.0008,0.0,0.0,0.0,0.0,0.0
0.001,10000.0,1,0.0001,388,0.00085,0.0,0.0,0.0,0.0,0.0
0.001,10000.0,1,0.0001,389,0.0011,0.0,0.0,0.0,0.0,0.0
0.001,10000.0,1,0.0001,390,0.000825,0.0,0.0,0.0,0.0,0.0
0.001,10000.0,1,0.0001,391,0.000925,0.0,0.0,0.0,0.0,0.0
0.001,10000.0,1,0.0001,392,0.0009,0.0,0.0,0.0,0.0,0.0
0.001,10000.0,1,0.0001,393,0.0004,0.0,0.0,0.0,0.0,0.0
0.001,10000.0,1,0.0001,394,0.0009,0.0,0.0,0.0,0.0,0.0
0.001,10000.0,1,0.0001,395,0.000725,0.0,0.0,0.0,0.0,0.0
0.001,10000.0,1,0.0001,396,0.000925,0.0,0.0,0.0,0.0,0.0
0.001,10000.0,1,0.0001,397,0.0007,0.0,0.0,0.0,0.0,0.0
0.001,10000.0,1,0.0001,398,0.00085,0.0,0.0,0.0,0.0,0.0
0.001,10000.0,1,0.0001,399,0.00085,0.0,0.0,0.0,0.0,0.0
0.001,10000.0,1,0.0001,400,0.001025,0.0,0.0,0.0,0.0,0.0
0.001,10000.0,1,0.0001,401,0.00085,0.0,0.0,0.0,0.0,0.0
0.001,10000.0,1,0.0001,402,0.000775,0.0,0.0,0.0,0.0,0.0
0.001,10000.0,1,0.0001,403,0.00095,0.0,0.0,0.0,0.0,0.0
0.001,10000.0,1,0.0001,404,0.00085,0.0,0.0,0.0,0.0,0.0
0.001,10000.0,1,0.0001,405,0.000575,0.0,0.0,0.0,0.0,0.0
0.001,10000.0,1,0.0001,406,0.00075,0.0,0.0,0.0,0.0,0.0
0.001,10000.0,1,0.0001,407,0.000875,0.0,0.0,0.0,0.0,0.0
0.001,10000.0,1,0.0001,408,0.000875,0.0,0.0,0.0,0.0,0.0
0.001,10000.0,1,0.0001,409,0.0008,0.0,0.0,0.0,0.0,0.0
0.001,10000.0,1,0.0001,410,0.00105,0.0,0.0,0.0,0.0,0.0
0.001,10000.0,1,0.0001,411,0.000875,0.0,0.0,0.0,0.0,0.0
0.001,10000.0,1,0.0001,412,0.0007,0.0,0.0,0.0,0.0,0.0
0.001,10000.0,1,0.0001,413,0.001025,0.0,0.0,0.0,0.0,0.0
0.001,10000.0,1,0.0001,414,0.000975,0.0,0.0,0.0,0.0,0.0
0.001,10000.0,1,0.0001,415,0.000725,0.0,0.0,0.0,0.0,0.0
0.001,10000.0,1,0.0001,416,0.000625,0.0,0.0,0.0,0.0,0.0
0.001,10000.0,1,0.0001,417,0.000725,0.0,0.0,0.0,0.0,0.0
0.001,10000.0,1,0.0001,418,0.000975,0.0,0.0,0.0,0.0,0.0
0.001,10000.0,1,0.0001,419,0.000875,0.0,0.0,0.0,0.0,0.0
0.001,10000.0,1,0.0001,420,0.0009,0.0,0.0,0.0,0.0,0.0
0.001,10000.0,1,0.0001,421,0.000825,0.0,0.0,0.0,0.0,0.0
0.001,10000.0,1,0.0001,422,0.000675,0.0,0.0,0.0,0.0,0.0
0.001,10000.0,1,0.0001,423,0.0009,0.0,0.0,0.0,0.0,0.0
0.001,10000.0,1,0.0001,424,0.0009,0.0,0.0,0.0,0.0,0.0
0.001,10000.0,1,0.0001,425,0.0007,0.0,0.0,0.0,0.0,0.0
0.001,10000.0,1,0.0001,426,0.001025,0.0,0.0,0.0,0.0,0.0
0.001,10000.0,1,0.0001,427,0.00075,0.0,0.0,0.0,0.0,0.0
0.001,10000.0,1,0.0001,428,0.000725,0.0,0.0,0.0,0.0,0.0
0.001,10000.0,1,0.0001,429,0.000725,0.0,0.0,0.0,0.0,0.0
0.001,10000.0,1,0.0001,430,0.0007,0.0,0.0,0.0,0.0,0.0
0.001,10000.0,1,0.0001,431,0.000825,0.0,0.0,0.0,0.0,0.0
0.001,10000.0,1,0.0001,432,0.000825,0.0,0.0,0.0,0.0,0.0
0.001,10000.0,1,0.0001,433,0.000725,0.0,0.0,0.0,0.0,0.0
0.001,10000.0,1,0.0001,434,0.0011,0.0,0.0,0.0,0.0,0.0
0.001,10000.0,1,0.0001,435,0.00105,0.0,0.0,0.0,0.0,0.0
0.001,10000.0,1,0.0001,436,0.00075,0.0,0.0,0.0,0.0,0.0
0.001,10000.0,1,0.0001,437,0.000825,0.0,0.0,0.0,0.0,0.0
0.001,10000.0,1,0.0001,438,0.000575,0.0,0.0,0.0,0.0,0.0
0.001,10000.0,1,0.0001,439,0.000925,0.0,0.0,0.0,0.0,0.0
0.001,10000.0,1,0.0001,440,0.000825,0.0,0.0,0.0,0.0,0.0
0.001,10000.0,1,0.0001,441,0.00085,0.0,0.0,0.0,0.0,0.0
0.001,10000.0,1,0.0001,442,0.00085,0.0,0.0,0.0,0.0,0.0
0.001,10000.0,1,0.0001,443,0.00095,0.0,0.0,0.0,0.0,0.0
0.001,10000.0,1,0.0001,444,0.00085,0.0,0.0,0.0,0.0,0.0
0.001,10000.0,1,0.0001,445,0.000525,0.0,0.0,0.0,0.0,0.0
0.001,10000.0,1,0.0001,446,0.000825,0.0,0.0,0.0,0.0,0.0
0.001,10000.0,1,0.0001,447,0.00075,0.0,0.0,0.0,0.0,0.0
0.001,10000.0,1,0.0001,448,0.000825,0.0,0.0,0.0,0.0,0.0
0.001,10000.0,1,0.0001,449,0.000675,0.0,0.0,0.0,0.0,0.0
0.001,10000.0,1,0.0001,450,0.0007,0.0,0.0,0.0,0.0,0.0
0.001,10000.0,1,0.0001,451,0.000975,0.0,0.0,0.0,0.0,0.0
0.001,10000.0,1,0.0001,452,0.001075,0.0,0.0,0.0,0.0,0.0
0.001,10000.0,1,0.0001,453,0.00085,0.0,0.0,0.0,0.0,0.0
0.001,10000.0,1,0.0001,454,0.000675,0.0,0.0,0.0,0.0,0.0
0.001,10000.0,1,0.0001,455,0.00065,0.0,0.0,0.0,0.0,0.0
0.001,10000.0,1,0.0001,456,0.0008,0.0,0.0,0.0,0.0,0.0
0.001,10000.0,1,0.0001,457,0.0006,0.0,0.0,0.0,0.0,0.0
0.001,10000.0,1,0.0001,458,0.000825,0.0,0.0,0.0,0.0,0.0
0.001,10000.0,1,0.0001,459,0.0009,0.0,0.0,0.0,0.0,0.0
0.001,10000.0,1,0.0001,460,0.000975,0.0,0.0,0.0,0.0,0.0
0.001,10000.0,1,0.0001,461,0.001025,0.0,0.0,0.0,0.0,0.0
0.001,10000.0,1,0.0001,462,0.000975,0.0,0.0,0.0,0.0,0.0
0.001,10000.0,1,0.0001,463,0.000775,0.0,0.0,0.0,0.0,0.0
0.001,10000.0,1,0.0001,464,0.00095,0.0,0.0,0.0,0.0,0.0
0.001,10000.0,1,0.0001,465,0.00085,0.0,0.0,0.0,0.0,0.0
0.001,10000.0,1,0.0001,466,0.001,0.0,0.0,0.0,0.0,0.0
0.001,10000.0,1,0.0001,467,0.000675,0.0,0.0,0.0,0.0,0.0
0.001,10000.0,1,0.0001,468,0.001,0.0,0.0,0.0,0.0,0.0
0.001,10000.0,1,0.0001,469,0.000775,0.0,0.0,0.0,0.0,0.0
0.001,10000.0,1,0.0001,470,0.00105,0.0,0.0,0.0,0.0,0.0
0.001,10000.0,1,0.0001,471,0.00085,0.0,0.0,0.0,0.0,0.0
0.001,10000.0,1,0.0001,472,0.000875,0.0,0.0,0.0,0.0,0.0
0.001,10000.0,1,0.0001,473,0.000725,0.0,0.0,0.0,0.0,0.0
0.001,10000.0,1,0.0001,474,0.000525,0.0,0.0,0.0,0.0,0.0
0.001,10000.0,1,0.0001,475,0.00095,0.0,0.0,0.0,0.0,0.0
0.001,10000.0,1,0.0001,476,0.000825,0.0,0.0,0.0,0.0,0.0
0.001,10000.0,1,0.0001,477,0.0007,0.0,0.0,0.0,0.0,0.0
0.001,10000.0,1,0.0001,478,0.001,0.0,0.0,0.0,0.0,0.0
0.001,10000.0,1,0.0001,479,0.000925,0.0,0.0,0.0,0.0,0.0
0.001,10000.0,1,0.0001,480,0.000725,0.0,0.0,0.0,0.0,0.0
0.001,10000.0,1,0.0001,481,0.000675,0.0,0.0,0.0,0.0,0.0
0.001,10000.0,1,0.0001,482,0.00085,0.0,0.0,0.0,0.0,0.0
0.001,10000.0,1,0.0001,483,0.000975,0.0,0.0,0.0,0.0,0.0
0.001,10000.0,1,0.0001,484,0.001075,0.0,0.0,0.0,0.0,0.0
0.001,10000.0,1,0.0001,485,0.000775,0.0,0.0,0.0,0.0,0.0
0.001,10000.0,1,0.0001,486,0.0008,0.0,0.0,0.0,0.0,0.0
0.001,10000.0,1,0.0001,487,0.0008,0.0,0.0,0.0,0.0,0.0
0.001,10000.0,1,0.0001,488,0.001025,0.0,0.0,0.0,0.0,0.0
0.001,10000.0,1,0.0001,489,0.000875,0.0,0.0,0.0,0.0,0.0
0.001,10000.0,1,0.0001,490,0.000825,0.0,0.0,0.0,0.0,0.0
0.001,10000.0,1,0.0001,491,0.001075,0.0,0.0,0.0,0.0,0.0
0.001,10000.0,1,0.0001,492,0.000825,0.0,0.0,0.0,0.0,0.0
0.001,10000.0,1,0.0001,493,0.000525,0.0,0.0,0.0,0.0,0.0
0.001,10000.0,1,0.0001,494,0.00095,0.0,0.0,0.0,0.0,0.0
0.001,10000.0,1,0.0001,495,0.0009,0.0,0.0,0.0,0.0,0.0
0.001,10000.0,1,0.0001,496,0.000725,0.0,0.0,0.0,0.0,0.0
0.001,10000.0,1,0.0001,497,0.000825,0.0,0.0,0.0,0.0,0.0
0.001,10000.0,1,0.0001,498,0.00085,0.0,0.0,0.0,0.0,0.0
0.001,10000.0,1,0.0001,499,0.000775,0.0,0.0,0.0,0.0,0.0
0.001,10000.0,1,0.0001,500,0.00085,0.0,0.0,0.0,0.0,0.0
0.001,10000.0,1,0.0001,501,0.000875,0.0,0.0,0.0,0.0,0.0
0.001,10000.0,1,0.0001,502,0.00105,0.0,0.0,0.0,0.0,0.0
0.001,10000.0,1,0.0001,503,0.000675,0.0,0.0,0.0,0.0,0.0
0.001,10000.0,1,0.0001,504,0.000875,0.0,0.0,0.0,0.0,0.0
0.001,10000.0,1,0.0001,505,0.001125,0.0,0.0,0.0,0.0,0.0
0.001,10000.0,1,0.0001,506,0.0011,0.0,0.0,0.0,0.0,0.0
0.001,10000.0,1,0.0001,507,0.0008,0.0,0.0,0.0,0.0,0.0
0.001,10000.0,1,0.0001,508,0.00085,0.0,0.0,0.0,0.0,0.0
0.001,10000.0,1,0.0001,509,0.000825,0.0,0.0,0.0,0.0,0.0
0.001,10000.0,1,0.0001,510,0.000975,0.0,0.0,0.0,0.0,0.0
0.001,10000.0,1,0.0001,511,0.000825,0.0,0.0,0.0,0.0,0.0
0.001,10000.0,1,0.0001,512,0.000725,0.0,0.0,0.0,0.0,0.0
0.001,10000.0,1,0.0001,513,0.000825,0.0,0.0,0.0,0.0,0.0
0.001,10000.0,1,0.0001,514,0.00085,0.0,0.0,0.0,0.0,0.0
0.001,10000.0,1,0.0001,515,0.000825,0.0,0.0,0.0,0.0,0.0
0.001,10000.0,1,0.0001,516,0.0008,0.0,0.0,0.0,0.0,0.0
0.001,10000.0,1,0.0001,517,0.0006,0.0,0.0,0.0,0.0,0.0
0.001,10000.0,1,0.0001,518,0.001,0.0,0.0,0.0,0.0,0.0
0.001,10000.0,1,0.0001,519,0.001175,0.0,0.0,0.0,0.0,0.0
0.001,10000.0,1,0.0001,520,0.00075,0.0,0.0,0.0,0.0,0.0
0.001,10000.0,1,0.0001,521,0.000675,0.0,0.0,0.0,0.0,0.0
0.001,10000.0,1,0.0001,522,0.0008,0.0,0.0,0.0,0.0,0.0
0.001,10000.0,1,0.0001,523,0.000925,0.0,0.0,0.0,0.0,0.0
0.001,10000.0,1,0.0001,524,0.0006,0.0,0.0,0.0,0.0,0.0
0.001,10000.0,1,0.0001,525,0.0009,0.0,0.0,0.0,0.0,0.0
0.001,10000.0,1,0.0001,526,0.000825,0.0,0.0,0.0,0.0,0.0
0.001,10000.0,1,0.0001,527,0.0009,0.0,0.0,0.0,0.0,0.0
0.001,10000.0,1,0.0001,528,0.001,0.0,0.0,0.0,0.0,0.0
0.001,10000.0,1,0.0001,529,0.000875,0.0,0.0,0.0,0.0,0.0
0.001,10000.0,1,0.0001,530,0.0009,0.0,0.0,0.0,0.0,0.0
0.001,10000.0,1,0.0001,531,0.000575,0.0,0.0,0.0,0.0,0.0
0.001,10000.0,1,0.0001,532,0.0008,0.0,0.0,0.0,0.0,0.0
0.001,10000.0,1,0.0001,533,0.00085,0.0,0.0,0.0,0.0,0.0
0.001,10000.0,1,0.0001,534,0.00095,0.0,0.0,0.0,0.0,0.0
0.001,10000.0,1,0.0001,535,0.00085,0.0,0.0,0.0,0.0,0.0
0.001,10000.0,1,0.0001,536,0.000875,0.0,0.0,0.0,0.0,0.0
0.001,10000.0,1,0.0001,537,0.00075,0.0,0.0,0.0,0.0,0.0
0.001,10000.0,1,0.0001,538,0.001025,0.0,0.0,0.0,0.0,0.0
0.001,10000.0,1,0.0001,539,0.00075,0.0,0.0,0.0,0.0,0.0
0.001,10000.0,1,0.0001,540,0.000875,0.0,0.0,0.0,0.0,0.0
0.001,10000.0,1,0.0001,541,0.001175,0.0,0.0,0.0,0.0,0.0
0.001,10000.0,1,0.0001,542,0.000725,0.0,0.0,0.0,0.0,0.0
0.001,10000.0,1,0.0001,543,0.000725,0.0,0.0,0.0,0.0,0.0
0.001,10000.0,1,0.0001,544,0.0008,0.0,0.0,0.0,0.0,0.0
0.001,10000.0,1,0.0001,545,0.000975,0.0,0.0,0.0,0.0,0.0
0.001,10000.0,1,0.0001,546,0.000925,0.0,0.0,0.0,0.0,0.0
0.001,10000.0,1,0.0001,547,0.000675,0.0,0.0,0.0,0.0,0.0
0.001,10000.0,1,0.0001,548,0.0008,0.0,0.0,0.0,0.0,0.0
0.001,10000.0,1,0.0001,549,0.00065,0.0,0.0,0.0,0.0,0.0
0.001,10000.0,1,0.0001,550,0.000725,0.0,0.0,0.0,0.0,0.0
0.001,10000.0,1,0.0001,551,0.00095,0.0,0.0,0.0,0.0,0.0
0.001,10000.0,1,0.0001,552,0.00085,0.0,0.0,0.0,0.0,0.0
0.001,10000.0,1,0.0001,553,0.000925,0.0,0.0,0.0,0.0,0.0
0.001,10000.0,1,0.0001,554,0.001075,0.0,0.0,0.0,0.0,0.0
0.001,10000.0,1,0.0001,555,0.000875,0.0,0.0,0.0,0.0,0.0
0.001,10000.0,1,0.0001,556,0.000775,0.0,0.0,0.0,0.0,0.0
0.001,10000.0,1,0.0001,557,0.0009,0.0,0.0,0.0,0.0,0.0
0.001,10000.0,1,0.0001,558,0.000725,0.0,0.0,0.0,0.0,0.0
0.001,10000.0,1,0.0001,559,0.000975,0.0,0.0,0.0,0.0,0.0
0.001,10000.0,1,0.0001,560,0.000875,0.0,0.0,0.0,0.0,0.0
0.001,10000.0,1,0.0001,561,0.001125,0.0,0.0,0.0,0.0,0.0
0.001,10000.0,1,0.0001,562,0.000675,0.0,0.0,0.0,0.0,0.0
0.001,10000.0,1,0.0001,563,0.000925,0.0,0.0,0.0,0.0,0.0
0.001,10000.0,1,0.0001,564,0.00105,0.0,0.0,0.0,0.0,0.0
0.001,10000.0,1,0.0001,565,0.000925,0.0,0.0,0.0,0.0,0.0
0.001,10000.0,1,0.0001,566,0.000775,0.0,0.0,0.0,0.0,0.0
0.001,10000.0,1,0.0001,567,0.000725,0.0,0.0,0.0,0.0,0.0
0.001,10000.0,1,0.0001,568,0.000725,0.0,0.0,0.0,0.0,0.0
0.001,10000.0,1,0.0001,569,0.000775,0.0,0.0,0.0,0.0,0.0
0.001,10000.0,1,0.0001,570,0.0009,0.0,0.0,0.0,0.0,0.0
0.001,10000.0,1,0.0001,571,0.0008,0.0,0.0,0.0,0.0,0.0
0.001,10000.0,1,0.0001,572,0.000525,0.0,0.0,0.0,0.0,0.0
0.001,10000.0,1,0.0001,573,0.000825,0.0,0.0,0.0,0.0,0.0
0.001,10000.0,1,0.0001,574,0.000475,0.0,0.0,0.0,0.0,0.0
0.001,10000.0,1,0.0001,575,0.0009,0.0,0.0,0.0,0.0,0.0
0.001,10000.0,1,0.0001,576,0.0008,0.0,0.0,0.0,0.0,0.0
0.001,10000.0,1,0.0001,577,0.000775,0.0,0.0,0.0,0.0,0.0
0.001,10000.0,1,0.0001,578,0.000675,0.0,0.0,0.0,0.0,0.0
0.001,10000.0,1,0.0001,579,0.000825,0.0,0.0,0.0,0.0,0.0
0.001,10000.0,1,0.0001,580,0.00095,0.0,0.0,0.0,0.0,0.0
0.001,10000.0,1,0.0001,581,0.00075,0.0,0.0,0.0,0.0,0.0
0.001,10000.0,1,0.0001,582,0.0007,0.0,0.0,0.0,0.0,0.0
0.001,10000.0,1,0.0001,583,0.0007,0.0,0.0,0.0,0.0,0.0
0.001,10000.0,1,0.0001,584,0.001,0.0,0.0,0.0,0.0,0.0
0.001,10000.0,1,0.0001,585,0.0009,0.0,0.0,0.0,0.0,0.0
0.001,10000.0,1,0.0001,586,0.0008,0.0,0.0,0.0,0.0,0.0
0.001,10000.0,1,0.0001,587,0.0006,0.0,0.0,0.0,0.0,0.0
0.001,10000.0,1,0.0001,588,0.000675,0.0,0.0,0.0,0.0,0.0
0.001,10000.0,1,0.0001,589,0.00085,0.0,0.0,0.0,0.0,0.0
0.001,10000.0,1,0.0001,590,0.00095,0.0,0.0,0.0,0.0,0.0
0.001,10000.0,1,0.0001,591,0.000675,0.0,0.0,0.0,0.0,0.0
0.001,10000.0,1,0.0001,592,0.00075,0.0,0.0,0.0,0.0,0.0
0.001,10000.0,1,0.0001,593,0.00095,0.0,0.0,0.0,0.0,0.0
0.001,10000.0,1,0.0001,594,0.0008,0.0,0.0,0.0,0.0,0.0
0.001,10000.0,1,0.0001,595,0.000875,0.0,0.0,0.0,0.0,0.0
0.001,10000.0,1,0.0001,596,0.00085,0.0,0.0,0.0,0.0,0.0
0.001,10000.0,1,0.0001,597,0.000675,0.0,0.0,0.0,0.0,0.0
0.001,10000.0,1,0.0001,598,0.000675,0.0,0.0,0.0,0.0,0.0
0.001,10000.0,1,0.0001,599,0.00065,0.0,0.0,0.0,0.0,0.0
0.001,10000.0,1,0.0001,600,0.000775,0.0,0.0,0.0,0.0,0.0
0.001,10000.0,1,0.0001,601,0.0006,0.0,0.0,0.0,0.0,0.0
0.001,10000.0,1,0.0001,602,0.000775,0.0,0.0,0.0,0.0,0.0
0.001,10000.0,1,0.0001,603,0.00085,0.0,0.0,0.0,0.0,0.0
0.001,10000.0,1,0.0001,604,0.000975,0.0,0.0,0.0,0.0,0.0
0.001,10000.0,1,0.0001,605,0.0009,0.0,0.0,0.0,0.0,0.0
0.001,10000.0,1,0.0001,606,0.000825,0.0,0.0,0.0,0.0,0.0
0.001,10000.0,1,0.0001,607,0.000675,0.0,0.0,0.0,0.0,0.0
0.001,10000.0,1,0.0001,608,0.000775,0.0,0.0,0.0,0.0,0.0
0.001,10000.0,1,0.0001,609,0.0008,0.0,0.0,0.0,0.0,0.0
0.001,10000.0,1,0.0001,610,0.000675,0.0,0.0,0.0,0.0,0.0
0.001,10000.0,1,0.0001,611,0.000775,0.0,0.0,0.0,0.0,0.0
0.001,10000.0,1,0.0001,612,0.00065,0.0,0.0,0.0,0.0,0.0
0.001,10000.0,1,0.0001,613,0.00085,0.0,0.0,0.0,0.0,0.0
0.001,10000.0,1,0.0001,614,0.00075,0.0,0.0,0.0,0.0,0.0
0.001,10000.0,1,0.0001,615,0.00085,0.0,0.0,0.0,0.0,0.0
0.001,10000.0,1,0.0001,616,0.000775,0.0,0.0,0.0,0.0,0.0
0.001,10000.0,1,0.0001,617,0.000475,0.0,0.0,0.0,0.0,0.0
0.001,10000.0,1,0.0001,618,0.0006,0.0,0.0,0.0,0.0,0.0
0.001,10000.0,1,0.0001,619,0.000825,0.0,0.0,0.0,0.0,0.0
0.001,10000.0,1,0.0001,620,0.00075,0.0,0.0,0.0,0.0,0.0
0.001,10000.0,1,0.0001,621,0.000975,0.0,0.0,0.0,0.0,0.0
0.001,10000.0,1,0.0001,622,0.0008,0.0,0.0,0.0,0.0,0.0
0.001,10000.0,1,0.0001,623,0.0012,0.0,0.0,0.0,0.0,0.0
0.001,10000.0,1,0.0001,624,0.0009,0.0,0.0,0.0,0.0,0.0
0.001,10000.0,1,0.0001,625,0.001325,0.0,0.0,0.0,0.0,0.0
0.001,10000.0,1,0.0001,626,0.000675,0.0,0.0,0.0,0.0,0.0
0.001,10000.0,1,0.0001,627,0.0007,0.0,0.0,0.0,0.0,0.0
0.001,10000.0,1,0.0001,628,0.000925,0.0,0.0,0.0,0.0,0.0
0.001,10000.0,1,0.0001,629,0.000725,0.0,0.0,0.0,0.0,0.0
0.001,10000.0,1,0.0001,630,0.001075,0.0,0.0,0.0,0.0,0.0
0.001,10000.0,1,0.0001,631,0.000675,0.0,0.0,0.0,0.0,0.0
0.001,10000.0,1,0.0001,632,0.00105,0.0,0.0,0.0,0.0,0.0
0.001,10000.0,1,0.0001,633,0.000625,0.0,0.0,0.0,0.0,0.0
0.001,10000.0,1,0.0001,634,0.000725,0.0,0.0,0.0,0.0,0.0
0.001,10000.0,1,0.0001,635,0.001,0.0,0.0,0.0,0.0,0.0
0.001,10000.0,1,0.0001,636,0.0009,0.0,0.0,0.0,0.0,0.0
0.001,10000.0,1,0.0001,637,0.00075,0.0,0.0,0.0,0.0,0.0
0.001,10000.0,1,0.0001,638,0.000875,0.0,0.0,0.0,0.0,0.0
0.001,10000.0,1,0.0001,639,0.00085,0.0,0.0,0.0,0.0,0.0
0.001,10000.0,1,0.0001,640,0.0009,0.0,0.0,0.0,0.0,0.0
0.001,10000.0,1,0.0001,641,0.00095,0.0,0.0,0.0,0.0,0.0
0.001,10000.0,1,0.0001,642,0.000625,0.0,0.0,0.0,0.0,0.0
0.001,10000.0,1,0.0001,643,0.000825,0.0,0.0,0.0,0.0,0.0
0.001,10000.0,1,0.0001,644,0.000775,0.0,0.0,0.0,0.0,0.0
0.001,10000.0,1,0.0001,645,0.000625,0.0,0.0,0.0,0.0,0.0
0.001,10000.0,1,0.0001,646,0.00065,0.0,0.0,0.0,0.0,0.0
0.001,10000.0,1,0.0001,647,0.00075,0.0,0.0,0.0,0.0,0.0
0.001,10000.0,1,0.0001,648,0.000625,0.0,0.0,0.0,0.0,0.0
0.001,10000.0,1,0.0001,649,0.00075,0.0,0.0,0.0,0.0,0.0
0.001,10000.0,1,0.0001,650,0.0009,0.0,0.0,0.0,0.0,0.0
0.001,10000.0,1,0.0001,651,0.0006,0.0,0.0,0.0,0.0,0.0
0.001,10000.0,1,0.0001,652,0.000775,0.0,0.0,0.0,0.0,0.0
0.001,10000.0,1,0.0001,653,0.0006,0.0,0.0,0.0,0.0,0.0
0.001,10000.0,1,0.0001,654,0.000925,0.0,0.0,0.0,0.0,0.0
0.001,10000.0,1,0.0001,655,0.000825,0.0,0.0,0.0,0.0,0.0
0.001,10000.0,1,0.0001,656,0.0007,0.0,0.0,0.0,0.0,0.0
0.001,10000.0,1,0.0001,657,0.0006,0.0,0.0,0.0,0.0,0.0
0.001,10000.0,1,0.0001,658,0.00095,0.0,0.0,0.0,0.0,0.0
0.001,10000.0,1,0.0001,659,0.00075,0.0,0.0,0.0,0.0,0.0
0.001,10000.0,1,0.0001,660,0.000825,0.0,0.0,0.0,0.0,0.0
0.001,10000.0,1,0.0001,661,0.0006,0.0,0.0,0.0,0.0,0.0
0.001,10000.0,1,0.0001,662,0.000675,0.0,0.0,0.0,0.0,0.0
0.001,10000.0,1,0.0001,663,0.0009,0.0,0.0,0.0,0.0,0.0
0.001,10000.0,1,0.0001,664,0.000625,0.0,0.0,0.0,0.0,0.0
0.001,10000.0,1,0.0001,665,0.000875,0.0,0.0,0.0,0.0,0.0
0.001,10000.0,1,0.0001,666,0.00105,0.0,0.0,0.0,0.0,0.0
0.001,10000.0,1,0.0001,667,0.0006,0.0,0.0,0.0,0.0,0.0
0.001,10000.0,1,0.0001,668,0.000775,0.0,0.0,0.0,0.0,0.0
0.001,10000.0,1,0.0001,669,0.000775,0.0,0.0,0.0,0.0,0.0
0.001,10000.0,1,0.0001,670,0.00075,0.0,0.0,0.0,0.0,0.0
0.001,10000.0,1,0.0001,671,0.000625,0.0,0.0,0.0,0.0,0.0
0.001,10000.0,1,0.0001,672,0.000925,0.0,0.0,0.0,0.0,0.0
0.001,10000.0,1,0.0001,673,0.000825,0.0,0.0,0.0,0.0,0.0
0.001,10000.0,1,0.0001,674,0.000925,0.0,0.0,0.0,0.0,0.0
0.001,10000.0,1,0.0001,675,0.000925,0.0,0.0,0.0,0.0,0.0
0.001,10000.0,1,0.0001,676,0.0009,0.0,0.0,0.0,0.0,0.0
0.001,10000.0,1,0.0001,677,0.000775,0.0,0.0,0.0,0.0,0.0
0.001,10000.0,1,0.0001,678,0.00085,0.0,0.0,0.0,0.0,0.0
0.001,10000.0,1,0.0001,679,0.000925,0.0,0.0,0.0,0.0,0.0
0.001,10000.0,1,0.0001,680,0.000825,0.0,0.0,0.0,0.0,0.0
0.001,10000.0,1,0.0001,681,0.0009,0.0,0.0,0.0,0.0,0.0
0.001,10000.0,1,0.0001,682,0.00075,0.0,0.0,0.0,0.0,0.0
0.001,10000.0,1,0.0001,683,0.0008,0.0,0.0,0.0,0.0,0.0
0.001,10000.0,1,0.0001,684,0.0008,0.0,0.0,0.0,0.0,0.0
0.001,10000.0,1,0.0001,685,0.000775,0.0,0.0,0.0,0.0,0.0
0.001,10000.0,1,0.0001,686,0.001,0.0,0.0,0.0,0.0,0.0
0.001,10000.0,1,0.0001,687,0.000725,0.0,0.0,0.0,0.0,0.0
0.001,10000.0,1,0.0001,688,0.000775,0.0,0.0,0.0,0.0,0.0
0.001,10000.0,1,0.0001,689,0.000775,0.0,0.0,0.0,0.0,0.0
0.001,10000.0,1,0.0001,690,0.00095,0.0,0.0,0.0,0.0,0.0
0.001,10000.0,1,0.0001,691,0.000825,0.0,0.0,0.0,0.0,0.0
0.001,10000.0,1,0.0001,692,0.000675,0.0,0.0,0.0,0.0,0.0
0.001,10000.0,1,0.0001,693,0.000975,0.0,0.0,0.0,0.0,0.0
0.001,10000.0,1,0.0001,694,0.000725,0.0,0.0,0.0,0.0,0.0
0.001,10000.0,1,0.0001,695,0.00085,0.0,0.0,0.0,0.0,0.0
0.001,10000.0,1,0.0001,696,0.000675,0.0,0.0,0.0,0.0,0.0
0.001,10000.0,1,0.0001,697,0.000625,0.0,0.0,0.0,0.0,0.0
0.001,10000.0,1,0.0001,698,0.0008,0.0,0.0,0.0,0.0,0.0
0.001,10000.0,1,0.0001,699,0.0007,0.0,0.0,0.0,0.0,0.0
0.001,10000.0,1,0.0001,700,0.000975,0.0,0.0,0.0,0.0,0.0
0.001,10000.0,1,0.0001,701,0.0009,0.0,0.0,0.0,0.0,0.0
0.001,10000.0,1,0.0001,702,0.00095,0.0,0.0,0.0,0.0,0.0
0.001,10000.0,1,0.0001,703,0.00085,0.0,0.0,0.0,0.0,0.0
0.001,10000.0,1,0.0001,704,0.000725,0.0,0.0,0.0,0.0,0.0
0.001,10000.0,1,0.0001,705,0.000625,0.0,0.0,0.0,0.0,0.0
0.001,10000.0,1,0.0001,706,0.00085,0.0,0.0,0.0,0.0,0.0
0.001,10000.0,1,0.0001,707,0.0009,0.0,0.0,0.0,0.0,0.0
0.001,10000.0,1,0.0001,708,0.000725,0.0,0.0,0.0,0.0,0.0
0.001,10000.0,1,0.0001,709,0.000575,0.0,0.0,0.0,0.0,0.0
0.001,10000.0,1,0.0001,710,0.000725,0.0,0.0,0.0,0.0,0.0
0.001,10000.0,1,0.0001,711,0.001125,0.0,0.0,0.0,0.0,0.0
0.001,10000.0,1,0.0001,712,0.0008,0.0,0.0,0.0,0.0,0.0
0.001,10000.0,1,0.0001,713,0.000925,0.0,0.0,0.0,0.0,0.0
0.001,10000.0,1,0.0001,714,0.000825,0.0,0.0,0.0,0.0,0.0
0.001,10000.0,1,0.0001,715,0.000725,0.0,0.0,0.0,0.0,0.0
0.001,10000.0,1,0.0001,716,0.00085,0.0,0.0,0.0,0.0,0.0
0.001,10000.0,1,0.0001,717,0.00065,0.0,0.0,0.0,0.0,0.0
0.001,10000.0,1,0.0001,718,0.000825,0.0,0.0,0.0,0.0,0.0
0.001,10000.0,1,0.0001,719,0.000675,0.0,0.0,0.0,0.0,0.0
0.001,10000.0,1,0.0001,720,0.00075,0.0,0.0,0.0,0.0,0.0
0.001,10000.0,1,0.0001,721,0.0009,0.0,0.0,0.0,0.0,0.0
0.001,10000.0,1,0.0001,722,0.00085,0.0,0.0,0.0,0.0,0.0
0.001,10000.0,1,0.0001,723,0.000725,0.0,0.0,0.0,0.0,0.0
0.001,10000.0,1,0.0001,724,0.000875,0.0,0.0,0.0,0.0,0.0
0.001,10000.0,1,0.0001,725,0.00085,0.0,0.0,0.0,0.0,0.0
0.001,10000.0,1,0.0001,726,0.000825,0.0,0.0,0.0,0.0,0.0
0.001,10000.0,1,0.0001,727,0.00095,0.0,0.0,0.0,0.0,0.0
0.001,10000.0,1,0.0001,728,0.00065,0.0,0.0,0.0,0.0,0.0
0.001,10000.0,1,0.0001,729,0.000725,0.0,0.0,0.0,0.0,0.0
0.001,10000.0,1,0.0001,730,0.00075,0.0,0.0,0.0,0.0,0.0
0.001,10000.0,1,0.0001,731,0.000625,0.0,0.0,0.0,0.0,0.0
0.001,10000.0,1,0.0001,732,0.00105,0.0,0.0,0.0,0.0,0.0
0.001,10000.0,1,0.0001,733,0.001225,0.0,0.0,0.0,0.0,0.0
0.001,10000.0,1,0.0001,734,0.000675,0.0,0.0,0.0,0.0,0.0
0.001,10000.0,1,0.0001,735,0.00095,0.0,0.0,0.0,0.0,0.0
0.001,10000.0,1,0.0001,736,0.000675,0.0,0.0,0.0,0.0,0.0
0.001,10000.0,1,0.0001,737,0.0007,0.0,0.0,0.0,0.0,0.0
0.001,10000.0,1,0.0001,738,0.00095,0.0,0.0,0.0,0.0,0.0
0.001,10000.0,1,0.0001,739,0.0007,0.0,0.0,0.0,0.0,0.0
0.001,10000.0,1,0.0001,740,0.0007,0.0,0.0,0.0,0.0,0.0
0.001,10000.0,1,0.0001,741,0.000875,0.0,0.0,0.0,0.0,0.0
0.001,10000.0,1,0.0001,742,0.00085,0.0,0.0,0.0,0.0,0.0
0.001,10000.0,1,0.0001,743,0.000725,0.0,0.0,0.0,0.0,0.0
0.001,10000.0,1,0.0001,744,0.000775,0.0,0.0,0.0,0.0,0.0
0.001,10000.0,1,0.0001,745,0.00055,0.0,0.0,0.0,0.0,0.0
0.001,10000.0,1,0.0001,746,0.000875,0.0,0.0,0.0,0.0,0.0
0.001,10000.0,1,0.0001,747,0.000675,0.0,0.0,0.0,0.0,0.0
0.001,10000.0,1,0.0001,748,0.0006,0.0,0.0,0.0,0.0,0.0
0.001,10000.0,1,0.0001,749,0.00085,0.0,0.0,0.0,0.0,0.0
0.001,10000.0,1,0.0001,750,0.00075,0.0,0.0,0.0,0.0,0.0
0.001,10000.0,1,0.0001,751,0.00085,0.0,0.0,0.0,0.0,0.0
0.001,10000.0,1,0.0001,752,0.000925,0.0,0.0,0.0,0.0,0.0
0.001,10000.0,1,0.0001,753,0.000775,0.0,0.0,0.0,0.0,0.0
0.001,10000.0,1,0.0001,754,0.000825,0.0,0.0,0.0,0.0,0.0
0.001,10000.0,1,0.0001,755,0.000925,0.0,0.0,0.0,0.0,0.0
0.001,10000.0,1,0.0001,756,0.000875,0.0,0.0,0.0,0.0,0.0
0.001,10000.0,1,0.0001,757,0.000825,0.0,0.0,0.0,0.0,0.0
0.001,10000.0,1,0.0001,758,0.0008,0.0,0.0,0.0,0.0,0.0
0.001,10000.0,1,0.0001,759,0.0007,0.0,0.0,0.0,0.0,0.0
0.001,10000.0,1,0.0001,760,0.000825,0.0,0.0,0.0,0.0,0.0
0.001,10000.0,1,0.0001,761,0.0005,0.0,0.0,0.0,0.0,0.0
0.001,10000.0,1,0.0001,762,0.000975,0.0,0.0,0.0,0.0,0.0
0.001,10000.0,1,0.0001,763,0.000925,0.0,0.0,0.0,0.0,0.0
0.001,10000.0,1,0.0001,764,0.00075,0.0,0.0,0.0,0.0,0.0
0.001,10000.0,1,0.0001,765,0.0011,0.0,0.0,0.0,0.0,0.0
0.001,10000.0,1,0.0001,766,0.000925,0.0,0.0,0.0,0.0,0.0
0.001,10000.0,1,0.0001,767,0.001,0.0,0.0,0.0,0.0,0.0
0.001,10000.0,1,0.0001,768,0.000925,0.0,0.0,0.0,0.0,0.0
0.001,10000.0,1,0.0001,769,0.000675,0.0,0.0,0.0,0.0,0.0
0.001,10000.0,1,0.0001,770,0.000825,0.0,0.0,0.0,0.0,0.0
0.001,10000.0,1,0.0001,771,0.000875,0.0,0.0,0.0,0.0,0.0
0.001,10000.0,1,0.0001,772,0.000775,0.0,0.0,0.0,0.0,0.0
0.001,10000.0,1,0.0001,773,0.00105,0.0,0.0,0.0,0.0,0.0
0.001,10000.0,1,0.0001,774,0.00095,0.0,0.0,0.0,0.0,0.0
0.001,10000.0,1,0.0001,775,0.00085,0.0,0.0,0.0,0.0,0.0
0.001,10000.0,1,0.0001,776,0.00095,0.0,0.0,0.0,0.0,0.0
0.001,10000.0,1,0.0001,777,0.000975,0.0,0.0,0.0,0.0,0.0
0.001,10000.0,1,0.0001,778,0.000775,0.0,0.0,0.0,0.0,0.0
0.001,10000.0,1,0.0001,779,0.0008,0.0,0.0,0.0,0.0,0.0
0.001,10000.0,1,0.0001,780,0.0007,0.0,0.0,0.0,0.0,0.0
0.001,10000.0,1,0.0001,781,0.0012,0.0,0.0,0.0,0.0,0.0
0.001,10000.0,1,0.0001,782,0.0009,0.0,0.0,0.0,0.0,0.0
0.001,10000.0,1,0.0001,783,0.000825,0.0,0.0,0.0,0.0,0.0
0.001,10000.0,1,0.0001,784,0.00095,0.0,0.0,0.0,0.0,0.0
0.001,10000.0,1,0.0001,785,0.00105,0.0,0.0,0.0,0.0,0.0
0.001,10000.0,1,0.0001,786,0.000875,0.0,0.0,0.0,0.0,0.0
0.001,10000.0,1,0.0001,787,0.00075,0.0,0.0,0.0,0.0,0.0
0.001,10000.0,1,0.0001,788,0.000825,0.0,0.0,0.0,0.0,0.0
0.001,10000.0,1,0.0001,789,0.000775,0.0,0.0,0.0,0.0,0.0
0.001,10000.0,1,0.0001,790,0.000725,0.0,0.0,0.0,0.0,0.0
0.001,10000.0,1,0.0001,791,0.0008,0.0,0.0,0.0,0.0,0.0
0.001,10000.0,1,0.0001,792,0.00085,0.0,0.0,0.0,0.0,0.0
0.001,10000.0,1,0.0001,793,0.000825,0.0,0.0,0.0,0.0,0.0
0.001,10000.0,1,0.0001,794,0.000825,0.0,0.0,0.0,0.0,0.0
0.001,10000.0,1,0.0001,795,0.001,0.0,0.0,0.0,0.0,0.0
0.001,10000.0,1,0.0001,796,0.0007,0.0,0.0,0.0,0.0,0.0
0.001,10000.0,1,0.0001,797,0.0008,0.0,0.0,0.0,0.0,0.0
0.001,10000.0,1,0.0001,798,0.0008,0.0,0.0,0.0,0.0,0.0
0.001,10000.0,1,0.0001,799,0.000575,0.0,0.0,0.0,0.0,0.0
0.001,10000.0,1,0.0001,800,0.0007,0.0,0.0,0.0,0.0,0.0
0.001,10000.0,1,0.0001,801,0.000925,0.0,0.0,0.0,0.0,0.0
0.001,10000.0,1,0.0001,802,0.000775,0.0,0.0,0.0,0.0,0.0
0.001,10000.0,1,0.0001,803,0.000675,0.0,0.0,0.0,0.0,0.0
0.001,10000.0,1,0.0001,804,0.0009,0.0,0.0,0.0,0.0,0.0
0.001,10000.0,1,0.0001,805,0.000775,0.0,0.0,0.0,0.0,0.0
0.001,10000.0,1,0.0001,806,0.000825,0.0,0.0,0.0,0.0,0.0
0.001,10000.0,1,0.0001,807,0.0008,0.0,0.0,0.0,0.0,0.0
0.001,10000.0,1,0.0001,808,0.000875,0.0,0.0,0.0,0.0,0.0
0.001,10000.0,1,0.0001,809,0.000825,0.0,0.0,0.0,0.0,0.0
0.001,10000.0,1,0.0001,810,0.000925,0.0,0.0,0.0,0.0,0.0
0.001,10000.0,1,0.0001,811,0.00075,0.0,0.0,0.0,0.0,0.0
0.001,10000.0,1,0.0001,812,0.0007,0.0,0.0,0.0,0.0,0.0
0.001,10000.0,1,0.0001,813,0.000625,0.0,0.0,0.0,0.0,0.0
0.001,10000.0,1,0.0001,814,0.0006,0.0,0.0,0.0,0.0,0.0
0.001,10000.0,1,0.0001,815,0.00075,0.0,0.0,0.0,0.0,0.0
0.001,10000.0,1,0.0001,816,0.000775,0.0,0.0,0.0,0.0,0.0
0.001,10000.0,1,0.0001,817,0.0008,0.0,0.0,0.0,0.0,0.0
0.001,10000.0,1,0.0001,818,0.0009,0.0,0.0,0.0,0.0,0.0
0.001,10000.0,1,0.0001,819,0.000825,0.0,0.0,0.0,0.0,0.0
0.001,10000.0,1,0.0001,820,0.000575,0.0,0.0,0.0,0.0,0.0
0.001,10000.0,1,0.0001,821,0.00065,0.0,0.0,0.0,0.0,0.0
0.001,10000.0,1,0.0001,822,0.000825,0.0,0.0,0.0,0.0,0.0
0.001,10000.0,1,0.0001,823,0.00065,0.0,0.0,0.0,0.0,0.0
0.001,10000.0,1,0.0001,824,0.000675,0.0,0.0,0.0,0.0,0.0
0.001,10000.0,1,0.0001,825,0.000925,0.0,0.0,0.0,0.0,0.0
0.001,10000.0,1,0.0001,826,0.00095,0.0,0.0,0.0,0.0,0.0
0.001,10000.0,1,0.0001,827,0.00075,0.0,0.0,0.0,0.0,0.0
0.001,10000.0,1,0.0001,828,0.000775,0.0,0.0,0.0,0.0,0.0
0.001,10000.0,1,0.0001,829,0.0009,0.0,0.0,0.0,0.0,0.0
0.001,10000.0,1,0.0001,830,0.000675,0.0,0.0,0.0,0.0,0.0
0.001,10000.0,1,0.0001,831,0.000625,0.0,0.0,0.0,0.0,0.0
0.001,10000.0,1,0.0001,832,0.000825,0.0,0.0,0.0,0.0,0.0
0.001,10000.0,1,0.0001,833,0.00085,0.0,0.0,0.0,0.0,0.0
0.001,10000.0,1,0.0001,834,0.000775,0.0,0.0,0.0,0.0,0.0
0.001,10000.0,1,0.0001,835,0.0009,0.0,0.0,0.0,0.0,0.0
0.001,10000.0,1,0.0001,836,0.00095,0.0,0.0,0.0,0.0,0.0
0.001,10000.0,1,0.0001,837,0.000775,0.0,0.0,0.0,0.0,0.0
0.001,10000.0,1,0.0001,838,0.000775,0.0,0.0,0.0,0.0,0.0
0.001,10000.0,1,0.0001,839,0.000875,0.0,0.0,0.0,0.0,0.0
0.001,10000.0,1,0.0001,840,0.000825,0.0,0.0,0.0,0.0,0.0
0.001,10000.0,1,0.0001,841,0.0007,0.0,0.0,0.0,0.0,0.0
0.001,10000.0,1,0.0001,842,0.000875,0.0,0.0,0.0,0.0,0.0
0.001,10000.0,1,0.0001,843,0.000825,0.0,0.0,0.0,0.0,0.0
0.001,10000.0,1,0.0001,844,0.00095,0.0,0.0,0.0,0.0,0.0
0.001,10000.0,1,0.0001,845,0.000875,0.0,0.0,0.0,0.0,0.0
0.001,10000.0,1,0.0001,846,0.0009,0.0,0.0,0.0,0.0,0.0
0.001,10000.0,1,0.0001,847,0.0008,0.0,0.0,0.0,0.0,0.0
0.001,10000.0,1,0.0001,848,0.00075,0.0,0.0,0.0,0.0,0.0
0.001,10000.0,1,0.0001,849,0.0008,0.0,0.0,0.0,0.0,0.0
0.001,10000.0,1,0.0001,850,0.0011,0.0,0.0,0.0,0.0,0.0
0.001,10000.0,1,0.0001,851,0.0008,0.0,0.0,0.0,0.0,0.0
0.001,10000.0,1,0.0001,852,0.0008,0.0,0.0,0.0,0.0,0.0
0.001,10000.0,1,0.0001,853,0.000725,0.0,0.0,0.0,0.0,0.0
0.001,10000.0,1,0.0001,854,0.00075,0.0,0.0,0.0,0.0,0.0
0.001,10000.0,1,0.0001,855,0.000875,0.0,0.0,0.0,0.0,0.0
0.001,10000.0,1,0.0001,856,0.0009,0.0,0.0,0.0,0.0,0.0
0.001,10000.0,1,0.0001,857,0.000825,0.0,0.0,0.0,0.0,0.0
0.001,10000.0,1,0.0001,858,0.000725,0.0,0.0,0.0,0.0,0.0
0.001,10000.0,1,0.0001,859,0.00075,0.0,0.0,0.0,0.0,0.0
0.001,10000.0,1,0.0001,860,0.000475,0.0,0.0,0.0,0.0,0.0
0.001,10000.0,1,0.0001,861,0.000825,0.0,0.0,0.0,0.0,0.0
0.001,10000.0,1,0.0001,862,0.000825,0.0,0.0,0.0,0.0,0.0
0.001,10000.0,1,0.0001,863,0.0009,0.0,0.0,0.0,0.0,0.0
0.001,10000.0,1,0.0001,864,0.00085,0.0,0.0,0.0,0.0,0.0
0.001,10000.0,1,0.0001,865,0.001275,0.0,0.0,0.0,0.0,0.0
0.001,10000.0,1,0.0001,866,0.000825,0.0,0.0,0.0,0.0,0.0
0.001,10000.0,1,0.0001,867,0.000925,0.0,0.0,0.0,0.0,0.0
0.001,10000.0,1,0.0001,868,0.000825,0.0,0.0,0.0,0.0,0.0
0.001,10000.0,1,0.0001,869,0.000675,0.0,0.0,0.0,0.0,0.0
0.001,10000.0,1,0.0001,870,0.00105,0.0,0.0,0.0,0.0,0.0
0.001,10000.0,1,0.0001,871,0.000975,0.0,0.0,0.0,0.0,0.0
0.001,10000.0,1,0.0001,872,0.00055,0.0,0.0,0.0,0.0,0.0
0.001,10000.0,1,0.0001,873,0.0008,0.0,0.0,0.0,0.0,0.0
0.001,10000.0,1,0.0001,874,0.000875,0.0,0.0,0.0,0.0,0.0
0.001,10000.0,1,0.0001,875,0.000725,0.0,0.0,0.0,0.0,0.0
0.001,10000.0,1,0.0001,876,0.0008,0.0,0.0,0.0,0.0,0.0
0.001,10000.0,1,0.0001,877,0.000825,0.0,0.0,0.0,0.0,0.0
0.001,10000.0,1,0.0001,878,0.000825,0.0,0.0,0.0,0.0,0.0
0.001,10000.0,1,0.0001,879,0.000725,0.0,0.0,0.0,0.0,0.0
0.001,10000.0,1,0.0001,880,0.000875,0.0,0.0,0.0,0.0,0.0
0.001,10000.0,1,0.0001,881,0.000825,0.0,0.0,0.0,0.0,0.0
0.001,10000.0,1,0.0001,882,0.00065,0.0,0.0,0.0,0.0,0.0
0.001,10000.0,1,0.0001,883,0.00105,0.0,0.0,0.0,0.0,0.0
0.001,10000.0,1,0.0001,884,0.00065,0.0,0.0,0.0,0.0,0.0
0.001,10000.0,1,0.0001,885,0.00075,0.0,0.0,0.0,0.0,0.0
0.001,10000.0,1,0.0001,886,0.0009,0.0,0.0,0.0,0.0,0.0
0.001,10000.0,1,0.0001,887,0.0009,0.0,0.0,0.0,0.0,0.0
0.001,10000.0,1,0.0001,888,0.000825,0.0,0.0,0.0,0.0,0.0
0.001,10000.0,1,0.0001,889,0.000875,0.0,0.0,0.0,0.0,0.0
0.001,10000.0,1,0.0001,890,0.000825,0.0,0.0,0.0,0.0,0.0
0.001,10000.0,1,0.0001,891,0.000775,0.0,0.0,0.0,0.0,0.0
0.001,10000.0,1,0.0001,892,0.00095,0.0,0.0,0.0,0.0,0.0
0.001,10000.0,1,0.0001,893,0.000825,0.0,0.0,0.0,0.0,0.0
0.001,10000.0,1,0.0001,894,0.0007,0.0,0.0,0.0,0.0,0.0
0.001,10000.0,1,0.0001,895,0.001025,0.0,0.0,0.0,0.0,0.0
0.001,10000.0,1,0.0001,896,0.000975,0.0,0.0,0.0,0.0,0.0
0.001,10000.0,1,0.0001,897,0.0007,0.0,0.0,0.0,0.0,0.0
0.001,10000.0,1,0.0001,898,0.00095,0.0,0.0,0.0,0.0,0.0
0.001,10000.0,1,0.0001,899,0.00055,0.0,0.0,0.0,0.0,0.0
0.001,10000.0,1,0.0001,900,0.00065,0.0,0.0,0.0,0.0,0.0
0.001,10000.0,1,0.0001,901,0.000575,0.0,0.0,0.0,0.0,0.0
0.001,10000.0,1,0.0001,902,0.001025,0.0,0.0,0.0,0.0,0.0
0.001,10000.0,1,0.0001,903,0.000775,0.0,0.0,0.0,0.0,0.0
0.001,10000.0,1,0.0001,904,0.000625,0.0,0.0,0.0,0.0,0.0
0.001,10000.0,1,0.0001,905,0.000925,0.0,0.0,0.0,0.0,0.0
0.001,10000.0,1,0.0001,906,0.0009,0.0,0.0,0.0,0.0,0.0
0.001,10000.0,1,0.0001,907,0.00075,0.0,0.0,0.0,0.0,0.0
0.001,10000.0,1,0.0001,908,0.000825,0.0,0.0,0.0,0.0,0.0
0.001,10000.0,1,0.0001,909,0.000725,0.0,0.0,0.0,0.0,0.0
0.001,10000.0,1,0.0001,910,0.0007,0.0,0.0,0.0,0.0,0.0
0.001,10000.0,1,0.0001,911,0.0009,0.0,0.0,0.0,0.0,0.0
0.001,10000.0,1,0.0001,912,0.000875,0.0,0.0,0.0,0.0,0.0
0.001,10000.0,1,0.0001,913,0.000875,0.0,0.0,0.0,0.0,0.0
0.001,10000.0,1,0.0001,914,0.001,0.0,0.0,0.0,0.0,0.0
0.001,10000.0,1,0.0001,915,0.00085,0.0,0.0,0.0,0.0,0.0
0.001,10000.0,1,0.0001,916,0.000625,0.0,0.0,0.0,0.0,0.0
0.001,10000.0,1,0.0001,917,0.000975,0.0,0.0,0.0,0.0,0.0
0.001,10000.0,1,0.0001,918,0.000625,0.0,0.0,0.0,0.0,0.0
0.001,10000.0,1,0.0001,919,0.0008,0.0,0.0,0.0,0.0,0.0
0.001,10000.0,1,0.0001,920,0.000725,0.0,0.0,0.0,0.0,0.0
0.001,10000.0,1,0.0001,921,0.00095,0.0,0.0,0.0,0.0,0.0
0.001,10000.0,1,0.0001,922,0.0009,0.0,0.0,0.0,0.0,0.0
0.001,10000.0,1,0.0001,923,0.001075,0.0,0.0,0.0,0.0,0.0
0.001,10000.0,1,0.0001,924,0.000875,0.0,0.0,0.0,0.0,0.0
0.001,10000.0,1,0.0001,925,0.000775,0.0,0.0,0.0,0.0,0.0
0.001,10000.0,1,0.0001,926,0.000775,0.0,0.0,0.0,0.0,0.0
0.001,10000.0,1,0.0001,927,0.00075,0.0,0.0,0.0,0.0,0.0
0.001,10000.0,1,0.0001,928,0.00075,0.0,0.0,0.0,0.0,0.0
0.001,10000.0,1,0.0001,929,0.000675,0.0,0.0,0.0,0.0,0.0
0.001,10000.0,1,0.0001,930,0.000975,0.0,0.0,0.0,0.0,0.0
0.001,10000.0,1,0.0001,931,0.000725,0.0,0.0,0.0,0.0,0.0
0.001,10000.0,1,0.0001,932,0.0008,0.0,0.0,0.0,0.0,0.0
0.001,10000.0,1,0.0001,933,0.000925,0.0,0.0,0.0,0.0,0.0
0.001,10000.0,1,0.0001,934,0.00095,0.0,0.0,0.0,0.0,0.0
0.001,10000.0,1,0.0001,935,0.00075,0.0,0.0,0.0,0.0,0.0
0.001,10000.0,1,0.0001,936,0.000775,0.0,0.0,0.0,0.0,0.0
0.001,10000.0,1,0.0001,937,0.00085,0.0,0.0,0.0,0.0,0.0
0.001,10000.0,1,0.0001,938,0.001,0.0,0.0,0.0,0.0,0.0
0.001,10000.0,1,0.0001,939,0.001075,0.0,0.0,0.0,0.0,0.0
0.001,10000.0,1,0.0001,940,0.00105,0.0,0.0,0.0,0.0,0.0
0.001,10000.0,1,0.0001,941,0.00095,0.0,0.0,0.0,0.0,0.0
0.001,10000.0,1,0.0001,942,0.00085,0.0,0.0,0.0,0.0,0.0
0.001,10000.0,1,0.0001,943,0.00095,0.0,0.0,0.0,0.0,0.0
0.001,10000.0,1,0.0001,944,0.000775,0.0,0.0,0.0,0.0,0.0
0.001,10000.0,1,0.0001,945,0.001,0.0,0.0,0.0,0.0,0.0
0.001,10000.0,1,0.0001,946,0.000975,0.0,0.0,0.0,0.0,0.0
0.001,10000.0,1,0.0001,947,0.000675,0.0,0.0,0.0,0.0,0.0
0.001,10000.0,1,0.0001,948,0.000975,0.0,0.0,0.0,0.0,0.0
0.001,10000.0,1,0.0001,949,0.000675,0.0,0.0,0.0,0.0,0.0
0.001,10000.0,1,0.0001,950,0.00115,0.0,0.0,0.0,0.0,0.0
0.001,10000.0,1,0.0001,951,0.000925,0.0,0.0,0.0,0.0,0.0
0.001,10000.0,1,0.0001,952,0.00085,0.0,0.0,0.0,0.0,0.0
0.001,10000.0,1,0.0001,953,0.000825,0.0,0.0,0.0,0.0,0.0
0.001,10000.0,1,0.0001,954,0.000775,0.0,0.0,0.0,0.0,0.0
0.001,10000.0,1,0.0001,955,0.000925,0.0,0.0,0.0,0.0,0.0
0.001,10000.0,1,0.0001,956,0.0007,0.0,0.0,0.0,0.0,0.0
0.001,10000.0,1,0.0001,957,0.00065,0.0,0.0,0.0,0.0,0.0
0.001,10000.0,1,0.0001,958,0.0008,0.0,0.0,0.0,0.0,0.0
0.001,10000.0,1,0.0001,959,0.000925,0.0,0.0,0.0,0.0,0.0
0.001,10000.0,1,0.0001,960,0.0008,0.0,0.0,0.0,0.0,0.0
0.001,10000.0,1,0.0001,961,0.00075,0.0,0.0,0.0,0.0,0.0
0.001,10000.0,1,0.0001,962,0.00095,0.0,0.0,0.0,0.0,0.0
0.001,10000.0,1,0.0001,963,0.000725,0.0,0.0,0.0,0.0,0.0
0.001,10000.0,1,0.0001,964,0.000525,0.0,0.0,0.0,0.0,0.0
0.001,10000.0,1,0.0001,965,0.00075,0.0,0.0,0.0,0.0,0.0
0.001,10000.0,1,0.0001,966,0.000875,0.0,0.0,0.0,0.0,0.0
0.001,10000.0,1,0.0001,967,0.00055,0.0,0.0,0.0,0.0,0.0
0.001,10000.0,1,0.0001,968,0.000925,0.0,0.0,0.0,0.0,0.0
0.001,10000.0,1,0.0001,969,0.000825,0.0,0.0,0.0,0.0,0.0
0.001,10000.0,1,0.0001,970,0.00105,0.0,0.0,0.0,0.0,0.0
0.001,10000.0,1,0.0001,971,0.00065,0.0,0.0,0.0,0.0,0.0
0.001,10000.0,1,0.0001,972,0.00085,0.0,0.0,0.0,0.0,0.0
0.001,10000.0,1,0.0001,973,0.0008,0.0,0.0,0.0,0.0,0.0
0.001,10000.0,1,0.0001,974,0.000825,0.0,0.0,0.0,0.0,0.0
0.001,10000.0,1,0.0001,975,0.000775,0.0,0.0,0.0,0.0,0.0
0.001,10000.0,1,0.0001,976,0.0007,0.0,0.0,0.0,0.0,0.0
0.001,10000.0,1,0.0001,977,0.001025,0.0,0.0,0.0,0.0,0.0
0.001,10000.0,1,0.0001,978,0.000925,0.0,0.0,0.0,0.0,0.0
0.001,10000.0,1,0.0001,979,0.0008,0.0,0.0,0.0,0.0,0.0
0.001,10000.0,1,0.0001,980,0.000975,0.0,0.0,0.0,0.0,0.0
0.001,10000.0,1,0.0001,981,0.00085,0.0,0.0,0.0,0.0,0.0
0.001,10000.0,1,0.0001,982,0.001,0.0,0.0,0.0,0.0,0.0
0.001,10000.0,1,0.0001,983,0.000775,0.0,0.0,0.0,0.0,0.0
0.001,10000.0,1,0.0001,984,0.000475,0.0,0.0,0.0,0.0,0.0
0.001,10000.0,1,0.0001,985,0.000675,0.0,0.0,0.0,0.0,0.0
0.001,10000.0,1,0.0001,986,0.0011,0.0,0.0,0.0,0.0,0.0
0.001,10000.0,1,0.0001,987,0.00075,0.0,0.0,0.0,0.0,0.0
0.001,10000.0,1,0.0001,988,0.001075,0.0,0.0,0.0,0.0,0.0
0.001,10000.0,1,0.0001,989,0.000775,0.0,0.0,0.0,0.0,0.0
0.001,10000.0,1,0.0001,990,0.00065,0.0,0.0,0.0,0.0,0.0
0.001,10000.0,1,0.0001,991,0.001,0.0,0.0,0.0,0.0,0.0
0.001,10000.0,1,0.0001,992,0.000925,0.0,0.0,0.0,0.0,0.0
0.001,10000.0,1,0.0001,993,0.00065,0.0,0.0,0.0,0.0,0.0
0.001,10000.0,1,0.0001,994,0.001025,0.0,0.0,0.0,0.0,0.0
0.001,10000.0,1,0.0001,995,0.00085,0.0,0.0,0.0,0.0,0.0
0.001,10000.0,1,0.0001,996,0.000825,0.0,0.0,0.0,0.0,0.0
0.001,10000.0,1,0.0001,997,0.000975,0.0,0.0,0.0,0.0,0.0
0.001,10000.0,1,0.0001,998,0.000675,0.0,0.0,0.0,0.0,0.0
0.001,10000.0,1,0.0001,999,0.000775,0.0,0.0,0.0,0.0,0.0
0.001,10000.0,1,0.0001,1000,0.00085,0.0,0.0,0.0,0.0,0.0
0.001,10000.0,1,0.0001,1001,0.00055,0.0,0.0,0.0,0.0,0.0
0.001,10000.0,1,0.0001,1002,0.0008,0.0,0.0,0.0,0.0,0.0
0.001,10000.0,1,0.0001,1003,0.00075,0.0,0.0,0.0,0.0,0.0
0.001,10000.0,1,0.0001,1004,0.00085,0.0,0.0,0.0,0.0,0.0
0.001,10000.0,1,0.0001,1005,0.00055,0.0,0.0,0.0,0.0,0.0
0.001,10000.0,1,0.0001,1006,0.00085,0.0,0.0,0.0,0.0,0.0
0.001,10000.0,1,0.0001,1007,0.00075,0.0,0.0,0.0,0.0,0.0
0.001,10000.0,1,0.0001,1008,0.0007,0.0,0.0,0.0,0.0,0.0
0.001,10000.0,1,0.0001,1009,0.000975,0.0,0.0,0.0,0.0,0.0
0.001,10000.0,1,0.0001,1010,0.0008,0.0,0.0,0.0,0.0,0.0
0.001,10000.0,1,0.0001,1011,0.000975,0.0,0.0,0.0,0.0,0.0
0.001,10000.0,1,0.0001,1012,0.00055,0.0,0.0,0.0,0.0,0.0
0.001,10000.0,1,0.0001,1013,0.000725,0.0,0.0,0.0,0.0,0.0
0.001,10000.0,1,0.0001,1014,0.000875,0.0,0.0,0.0,0.0,0.0
0.001,10000.0,1,0.0001,1015,0.00095,0.0,0.0,0.0,0.0,0.0
0.001,10000.0,1,0.0001,1016,0.0008,0.0,0.0,0.0,0.0,0.0
0.001,10000.0,1,0.0001,1017,0.000875,0.0,0.0,0.0,0.0,0.0
0.001,10000.0,1,0.0001,1018,0.00065,0.0,0.0,0.0,0.0,0.0
0.001,10000.0,1,0.0001,1019,0.00075,0.0,0.0,0.0,0.0,0.0
0.001,10000.0,1,0.0001,1020,0.0007,0.0,0.0,0.0,0.0,0.0
0.001,10000.0,1,0.0001,1021,0.000925,0.0,0.0,0.0,0.0,0.0
0.001,10000.0,1,0.0001,1022,0.000825,0.0,0.0,0.0,0.0,0.0
0.001,10000.0,1,0.0001,1023,0.0006,0.0,0.0,0.0,0.0,0.0
0.001,10000.0,1,0.0001,1024,0.00085,0.0,0.0,0.0,0.0,0.0
0.001,10000.0,1,0.0001,1025,0.000825,0.0,0.0,0.0,0.0,0.0
0.001,10000.0,1,0.0001,1026,0.000875,0.0,0.0,0.0,0.0,0.0
0.001,10000.0,1,0.0001,1027,0.000825,0.0,0.0,0.0,0.0,0.0
0.001,10000.0,1,0.0001,1028,0.0008,0.0,0.0,0.0,0.0,0.0
0.001,10000.0,1,0.0001,1029,0.001075,0.0,0.0,0.0,0.0,0.0
0.001,10000.0,1,0.0001,1030,0.00115,0.0,0.0,0.0,0.0,0.0
0.001,10000.0,1,0.0001,1031,0.000725,0.0,0.0,0.0,0.0,0.0
0.001,10000.0,1,0.0001,1032,0.00085,0.0,0.0,0.0,0.0,0.0
0.001,10000.0,1,0.0001,1033,0.000775,0.0,0.0,0.0,0.0,0.0
0.001,10000.0,1,0.0001,1034,0.000775,0.0,0.0,0.0,0.0,0.0
0.001,10000.0,1,0.0001,1035,0.000725,0.0,0.0,0.0,0.0,0.0
0.001,10000.0,1,0.0001,1036,0.000875,0.0,0.0,0.0,0.0,0.0
0.001,10000.0,1,0.0001,1037,0.000775,0.0,0.0,0.0,0.0,0.0
0.001,10000.0,1,0.0001,1038,0.000925,0.0,0.0,0.0,0.0,0.0
0.001,10000.0,1,0.0001,1039,0.000675,0.0,0.0,0.0,0.0,0.0
0.001,10000.0,1,0.0001,1040,0.000775,0.0,0.0,0.0,0.0,0.0
0.001,10000.0,1,0.0001,1041,0.0009,0.0,0.0,0.0,0.0,0.0
0.001,10000.0,1,0.0001,1042,0.00075,0.0,0.0,0.0,0.0,0.0
0.001,10000.0,1,0.0001,1043,0.00065,0.0,0.0,0.0,0.0,0.0
0.001,10000.0,1,0.0001,1044,0.0007,0.0,0.0,0.0,0.0,0.0
0.001,10000.0,1,0.0001,1045,0.000675,0.0,0.0,0.0,0.0,0.0
0.001,10000.0,1,0.0001,1046,0.0007,0.0,0.0,0.0,0.0,0.0
0.001,10000.0,1,0.0001,1047,0.000875,0.0,0.0,0.0,0.0,0.0
0.001,10000.0,1,0.0001,1048,0.000825,0.0,0.0,0.0,0.0,0.0
0.001,10000.0,1,0.0001,1049,0.00095,0.0,0.0,0.0,0.0,0.0
0.001,10000.0,1,0.0001,1050,0.000675,0.0,0.0,0.0,0.0,0.0
0.001,10000.0,1,0.0001,1051,0.000875,0.0,0.0,0.0,0.0,0.0
0.001,10000.0,1,0.0001,1052,0.00105,0.0,0.0,0.0,0.0,0.0
0.001,10000.0,1,0.0001,1053,0.000675,0.0,0.0,0.0,0.0,0.0
0.001,10000.0,1,0.0001,1054,0.0009,0.0,0.0,0.0,0.0,0.0
0.001,10000.0,1,0.0001,1055,0.0011,0.0,0.0,0.0,0.0,0.0
0.001,10000.0,1,0.0001,1056,0.00095,0.0,0.0,0.0,0.0,0.0
0.001,10000.0,1,0.0001,1057,0.0008,0.0,0.0,0.0,0.0,0.0
0.001,10000.0,1,0.0001,1058,0.0006,0.0,0.0,0.0,0.0,0.0
0.001,10000.0,1,0.0001,1059,0.0007,0.0,0.0,0.0,0.0,0.0
0.001,10000.0,1,0.0001,1060,0.00075,0.0,0.0,0.0,0.0,0.0
0.001,10000.0,1,0.0001,1061,0.0009,0.0,0.0,0.0,0.0,0.0
0.001,10000.0,1,0.0001,1062,0.000825,0.0,0.0,0.0,0.0,0.0
0.001,10000.0,1,0.0001,1063,0.0009,0.0,0.0,0.0,0.0,0.0
0.001,10000.0,1,0.0001,1064,0.000675,0.0,0.0,0.0,0.0,0.0
0.001,10000.0,1,0.0001,1065,0.0007,0.0,0.0,0.0,0.0,0.0
0.001,10000.0,1,0.0001,1066,0.0009,0.0,0.0,0.0,0.0,0.0
0.001,10000.0,1,0.0001,1067,0.0009,0.0,0.0,0.0,0.0,0.0
0.001,10000.0,1,0.0001,1068,0.0013,0.0,0.0,0.0,0.0,0.0
0.001,10000.0,1,0.0001,1069,0.000725,0.0,0.0,0.0,0.0,0.0
0.001,10000.0,1,0.0001,1070,0.000675,0.0,0.0,0.0,0.0,0.0
0.001,10000.0,1,0.0001,1071,0.0006,0.0,0.0,0.0,0.0,0.0
0.001,10000.0,1,0.0001,1072,0.0007,0.0,0.0,0.0,0.0,0.0
0.001,10000.0,1,0.0001,1073,0.00085,0.0,0.0,0.0,0.0,0.0
0.001,10000.0,1,0.0001,1074,0.000625,0.0,0.0,0.0,0.0,0.0
0.001,10000.0,1,0.0001,1075,0.00115,0.0,0.0,0.0,0.0,0.0
0.001,10000.0,1,0.0001,1076,0.00105,0.0,0.0,0.0,0.0,0.0
0.001,10000.0,1,0.0001,1077,0.00065,0.0,0.0,0.0,0.0,0.0
0.001,10000.0,1,0.0001,1078,0.00095,0.0,0.0,0.0,0.0,0.0
0.001,10000.0,1,0.0001,1079,0.000875,0.0,0.0,0.0,0.0,0.0
0.001,10000.0,1,0.0001,1080,0.00065,0.0,0.0,0.0,0.0,0.0
0.001,10000.0,1,0.0001,1081,0.0008,0.0,0.0,0.0,0.0,0.0
0.001,10000.0,1,0.0001,1082,0.000675,0.0,0.0,0.0,0.0,0.0
0.001,10000.0,1,0.0001,1083,0.000925,0.0,0.0,0.0,0.0,0.0
0.001,10000.0,1,0.0001,1084,0.000775,0.0,0.0,0.0,0.0,0.0
0.001,10000.0,1,0.0001,1085,0.000675,0.0,0.0,0.0,0.0,0.0
0.001,10000.0,1,0.0001,1086,0.000775,0.0,0.0,0.0,0.0,0.0
0.001,10000.0,1,0.0001,1087,0.000925,0.0,0.0,0.0,0.0,0.0
0.001,10000.0,1,0.0001,1088,0.00085,0.0,0.0,0.0,0.0,0.0
0.001,10000.0,1,0.0001,1089,0.0008,0.0,0.0,0.0,0.0,0.0
0.001,10000.0,1,0.0001,1090,0.00095,0.0,0.0,0.0,0.0,0.0
0.001,10000.0,1,0.0001,1091,0.000775,0.0,0.0,0.0,0.0,0.0
0.001,10000.0,1,0.0001,1092,0.000875,0.0,0.0,0.0,0.0,0.0
0.001,10000.0,1,0.0001,1093,0.00105,0.0,0.0,0.0,0.0,0.0
0.001,10000.0,1,0.0001,1094,0.00075,0.0,0.0,0.0,0.0,0.0
0.001,10000.0,1,0.0001,1095,0.000925,0.0,0.0,0.0,0.0,0.0
0.001,10000.0,1,0.0001,1096,0.0008,0.0,0.0,0.0,0.0,0.0
0.001,10000.0,1,0.0001,1097,0.000925,0.0,0.0,0.0,0.0,0.0
0.001,10000.0,1,0.0001,1098,0.00075,0.0,0.0,0.0,0.0,0.0
0.001,10000.0,1,0.0001,1099,0.001,0.0,0.0,0.0,0.0,0.0
0.001,10000.0,1,0.0001,1100,0.000525,0.0,0.0,0.0,0.0,0.0
0.001,10000.0,1,0.0001,1101,0.0007,0.0,0.0,0.0,0.0,0.0
0.001,10000.0,1,0.0001,1102,0.00095,0.0,0.0,0.0,0.0,0.0
0.001,10000.0,1,0.0001,1103,0.0009,0.0,0.0,0.0,0.0,0.0
0.001,10000.0,1,0.0001,1104,0.0009,0.0,0.0,0.0,0.0,0.0
0.001,10000.0,1,0.0001,1105,0.000675,0.0,0.0,0.0,0.0,0.0
0.001,10000.0,1,0.0001,1106,0.0011,0.0,0.0,0.0,0.0,0.0
0.001,10000.0,1,0.0001,1107,0.000875,0.0,0.0,0.0,0.0,0.0
0.001,10000.0,1,0.0001,1108,0.0007,0.0,0.0,0.0,0.0,0.0
0.001,10000.0,1,0.0001,1109,0.0006,0.0,0.0,0.0,0.0,0.0
0.001,10000.0,1,0.0001,1110,0.000875,0.0,0.0,0.0,0.0,0.0
0.001,10000.0,1,0.0001,1111,0.00105,0.0,0.0,0.0,0.0,0.0
0.001,10000.0,1,0.0001,1112,0.000925,0.0,0.0,0.0,0.0,0.0
0.001,10000.0,1,0.0001,1113,0.001125,0.0,0.0,0.0,0.0,0.0
0.001,10000.0,1,0.0001,1114,0.0009,0.0,0.0,0.0,0.0,0.0
0.001,10000.0,1,0.0001,1115,0.000775,0.0,0.0,0.0,0.0,0.0
0.001,10000.0,1,0.0001,1116,0.000725,0.0,0.0,0.0,0.0,0.0
0.001,10000.0,1,0.0001,1117,0.000675,0.0,0.0,0.0,0.0,0.0
0.001,10000.0,1,0.0001,1118,0.0009,0.0,0.0,0.0,0.0,0.0
0.001,10000.0,1,0.0001,1119,0.00085,0.0,0.0,0.0,0.0,0.0
0.001,10000.0,1,0.0001,1120,0.00095,0.0,0.0,0.0,0.0,0.0
0.001,10000.0,1,0.0001,1121,0.000475,0.0,0.0,0.0,0.0,0.0
0.001,10000.0,1,0.0001,1122,0.000775,0.0,0.0,0.0,0.0,0.0
0.001,10000.0,1,0.0001,1123,0.000925,0.0,0.0,0.0,0.0,0.0
0.001,10000.0,1,0.0001,1124,0.000925,0.0,0.0,0.0,0.0,0.0
0.001,10000.0,1,0.0001,1125,0.000725,0.0,0.0,0.0,0.0,0.0
0.001,10000.0,1,0.0001,1126,0.000925,0.0,0.0,0.0,0.0,0.0
0.001,10000.0,1,0.0001,1127,0.00105,0.0,0.0,0.0,0.0,0.0
0.001,10000.0,1,0.0001,1128,0.00065,0.0,0.0,0.0,0.0,0.0
0.001,10000.0,1,0.0001,1129,0.00095,0.0,0.0,0.0,0.0,0.0
0.001,10000.0,1,0.0001,1130,0.000525,0.0,0.0,0.0,0.0,0.0
0.001,10000.0,1,0.0001,1131,0.0007,0.0,0.0,0.0,0.0,0.0
0.001,10000.0,1,0.0001,1132,0.0008,0.0,0.0,0.0,0.0,0.0
0.001,10000.0,1,0.0001,1133,0.001075,0.0,0.0,0.0,0.0,0.0
0.001,10000.0,1,0.0001,1134,0.000775,0.0,0.0,0.0,0.0,0.0
0.001,10000.0,1,0.0001,1135,0.00075,0.0,0.0,0.0,0.0,0.0
0.001,10000.0,1,0.0001,1136,0.00105,0.0,0.0,0.0,0.0,0.0
0.001,10000.0,1,0.0001,1137,0.00095,0.0,0.0,0.0,0.0,0.0
0.001,10000.0,1,0.0001,1138,0.00075,0.0,0.0,0.0,0.0,0.0
0.001,10000.0,1,0.0001,1139,0.00085,0.0,0.0,0.0,0.0,0.0
0.001,10000.0,1,0.0001,1140,0.000825,0.0,0.0,0.0,0.0,0.0
0.001,10000.0,1,0.0001,1141,0.000625,0.0,0.0,0.0,0.0,0.0
0.001,10000.0,1,0.0001,1142,0.00075,0.0,0.0,0.0,0.0,0.0
0.001,10000.0,1,0.0001,1143,0.0007,0.0,0.0,0.0,0.0,0.0
0.001,10000.0,1,0.0001,1144,0.000775,0.0,0.0,0.0,0.0,0.0
0.001,10000.0,1,0.0001,1145,0.000875,0.0,0.0,0.0,0.0,0.0
0.001,10000.0,1,0.0001,1146,0.000775,0.0,0.0,0.0,0.0,0.0
0.001,10000.0,1,0.0001,1147,0.001,0.0,0.0,0.0,0.0,0.0
0.001,10000.0,1,0.0001,1148,0.00085,0.0,0.0,0.0,0.0,0.0
0.001,10000.0,1,0.0001,1149,0.000975,0.0,0.0,0.0,0.0,0.0
0.001,10000.0,1,0.0001,1150,0.0008,0.0,0.0,0.0,0.0,0.0
0.001,10000.0,1,0.0001,1151,0.000775,0.0,0.0,0.0,0.0,0.0
0.001,10000.0,1,0.0001,1152,0.000825,0.0,0.0,0.0,0.0,0.0
0.001,10000.0,1,0.0001,1153,0.00095,0.0,0.0,0.0,0.0,0.0
0.001,10000.0,1,0.0001,1154,0.000625,0.0,0.0,0.0,0.0,0.0
0.001,10000.0,1,0.0001,1155,0.000775,0.0,0.0,0.0,0.0,0.0
0.001,10000.0,1,0.0001,1156,0.000975,0.0,0.0,0.0,0.0,0.0
0.001,10000.0,1,0.0001,1157,0.000825,0.0,0.0,0.0,0.0,0.0
0.001,10000.0,1,0.0001,1158,0.0009,0.0,0.0,0.0,0.0,0.0
0.001,10000.0,1,0.0001,1159,0.001125,0.0,0.0,0.0,0.0,0.0
0.001,10000.0,1,0.0001,1160,0.000875,0.0,0.0,0.0,0.0,0.0
0.001,10000.0,1,0.0001,1161,0.000525,0.0,0.0,0.0,0.0,0.0
0.001,10000.0,1,0.0001,1162,0.0008,0.0,0.0,0.0,0.0,0.0
0.001,10000.0,1,0.0001,1163,0.000875,0.0,0.0,0.0,0.0,0.0
0.001,10000.0,1,0.0001,1164,0.00075,0.0,0.0,0.0,0.0,0.0
0.001,10000.0,1,0.0001,1165,0.001125,0.0,0.0,0.0,0.0,0.0
0.001,10000.0,1,0.0001,1166,0.00055,0.0,0.0,0.0,0.0,0.0
0.001,10000.0,1,0.0001,1167,0.0009,0.0,0.0,0.0,0.0,0.0
0.001,10000.0,1,0.0001,1168,0.000675,0.0,0.0,0.0,0.0,0.0
0.001,10000.0,1,0.0001,1169,0.00055,0.0,0.0,0.0,0.0,0.0
0.001,10000.0,1,0.0001,1170,0.000875,0.0,0.0,0.0,0.0,0.0
0.001,10000.0,1,0.0001,1171,0.000925,0.0,0.0,0.0,0.0,0.0
0.001,10000.0,1,0.0001,1172,0.000775,0.0,0.0,0.0,0.0,0.0
0.001,10000.0,1,0.0001,1173,0.000825,0.0,0.0,0.0,0.0,0.0
0.001,10000.0,1,0.0001,1174,0.00105,0.0,0.0,0.0,0.0,0.0
0.001,10000.0,1,0.0001,1175,0.00055,0.0,0.0,0.0,0.0,0.0
0.001,10000.0,1,0.0001,1176,0.00075,0.0,0.0,0.0,0.0,0.0
0.001,10000.0,1,0.0001,1177,0.001,0.0,0.0,0.0,0.0,0.0
0.001,10000.0,1,0.0001,1178,0.00075,0.0,0.0,0.0,0.0,0.0
0.001,10000.0,1,0.0001,1179,0.00085,0.0,0.0,0.0,0.0,0.0
0.001,10000.0,1,0.0001,1180,0.000825,0.0,0.0,0.0,0.0,0.0
0.001,10000.0,1,0.0001,1181,0.000925,0.0,0.0,0.0,0.0,0.0
0.001,10000.0,1,0.0001,1182,0.001,0.0,0.0,0.0,0.0,0.0
0.001,10000.0,1,0.0001,1183,0.000925,0.0,0.0,0.0,0.0,0.0
0.001,10000.0,1,0.0001,1184,0.0006,0.0,0.0,0.0,0.0,0.0
0.001,10000.0,1,0.0001,1185,0.000675,0.0,0.0,0.0,0.0,0.0
0.001,10000.0,1,0.0001,1186,0.000775,0.0,0.0,0.0,0.0,0.0
0.001,10000.0,1,0.0001,1187,0.0009,0.0,0.0,0.0,0.0,0.0
0.001,10000.0,1,0.0001,1188,0.000675,0.0,0.0,0.0,0.0,0.0
0.001,10000.0,1,0.0001,1189,0.00095,0.0,0.0,0.0,0.0,0.0
0.001,10000.0,1,0.0001,1190,0.00075,0.0,0.0,0.0,0.0,0.0
0.001,10000.0,1,0.0001,1191,0.00095,0.0,0.0,0.0,0.0,0.0
0.001,10000.0,1,0.0001,1192,0.000625,0.0,0.0,0.0,0.0,0.0
0.001,10000.0,1,0.0001,1193,0.00095,0.0,0.0,0.0,0.0,0.0
0.001,10000.0,1,0.0001,1194,0.000875,0.0,0.0,0.0,0.0,0.0
0.001,10000.0,1,0.0001,1195,0.001125,0.0,0.0,0.0,0.0,0.0
0.001,10000.0,1,0.0001,1196,0.000825,0.0,0.0,0.0,0.0,0.0
0.001,10000.0,1,0.0001,1197,0.0008,0.0,0.0,0.0,0.0,0.0
0.001,10000.0,1,0.0001,1198,0.00095,0.0,0.0,0.0,0.0,0.0
0.001,10000.0,1,0.0001,1199,0.001075,0.0,0.0,0.0,0.0,0.0
0.001,10000.0,1,0.0001,1200,0.000875,0.0,0.0,0.0,0.0,0.0
0.001,10000.0,1,0.0001,1201,0.000775,0.0,0.0,0.0,0.0,0.0
0.001,10000.0,1,0.0001,1202,0.000725,0.0,0.0,0.0,0.0,0.0
0.001,10000.0,1,0.0001,1203,0.000475,0.0,0.0,0.0,0.0,0.0
0.001,10000.0,1,0.0001,1204,0.000825,0.0,0.0,0.0,0.0,0.0
0.001,10000.0,1,0.0001,1205,0.000925,0.0,0.0,0.0,0.0,0.0
0.001,10000.0,1,0.0001,1206,0.00075,0.0,0.0,0.0,0.0,0.0
0.001,10000.0,1,0.0001,1207,0.000875,0.0,0.0,0.0,0.0,0.0
0.001,10000.0,1,0.0001,1208,0.000925,0.0,0.0,0.0,0.0,0.0
0.001,10000.0,1,0.0001,1209,0.000775,0.0,0.0,0.0,0.0,0.0
0.001,10000.0,1,0.0001,1210,0.000725,0.0,0.0,0.0,0.0,0.0
0.001,10000.0,1,0.0001,1211,0.000825,0.0,0.0,0.0,0.0,0.0
0.001,10000.0,1,0.0001,1212,0.000875,0.0,0.0,0.0,0.0,0.0
0.001,10000.0,1,0.0001,1213,0.00095,0.0,0.0,0.0,0.0,0.0
0.001,10000.0,1,0.0001,1214,0.000825,0.0,0.0,0.0,0.0,0.0
0.001,10000.0,1,0.0001,1215,0.00075,0.0,0.0,0.0,0.0,0.0
0.001,10000.0,1,0.0001,1216,0.000825,0.0,0.0,0.0,0.0,0.0
0.001,10000.0,1,0.0001,1217,0.00095,0.0,0.0,0.0,0.0,0.0
0.001,10000.0,1,0.0001,1218,0.000625,0.0,0.0,0.0,0.0,0.0
0.001,10000.0,1,0.0001,1219,0.00095,0.0,0.0,0.0,0.0,0.0
0.001,10000.0,1,0.0001,1220,0.000875,0.0,0.0,0.0,0.0,0.0
0.001,10000.0,1,0.0001,1221,0.00095,0.0,0.0,0.0,0.0,0.0
0.001,10000.0,1,0.0001,1222,0.000875,0.0,0.0,0.0,0.0,0.0
0.001,10000.0,1,0.0001,1223,0.000725,0.0,0.0,0.0,0.0,0.0
0.001,10000.0,1,0.0001,1224,0.000675,0.0,0.0,0.0,0.0,0.0
0.001,10000.0,1,0.0001,1225,0.000825,0.0,0.0,0.0,0.0,0.0
0.001,10000.0,1,0.0001,1226,0.0006,0.0,0.0,0.0,0.0,0.0
0.001,10000.0,1,0.0001,1227,0.00075,0.0,0.0,0.0,0.0,0.0
0.001,10000.0,1,0.0001,1228,0.000875,0.0,0.0,0.0,0.0,0.0
0.001,10000.0,1,0.0001,1229,0.000675,0.0,0.0,0.0,0.0,0.0
0.001,10000.0,1,0.0001,1230,0.00085,0.0,0.0,0.0,0.0,0.0
0.001,10000.0,1,0.0001,1231,0.0009,0.0,0.0,0.0,0.0,0.0
0.001,10000.0,1,0.0001,1232,0.0011,0.0,0.0,0.0,0.0,0.0
0.001,10000.0,1,0.0001,1233,0.0009,0.0,0.0,0.0,0.0,0.0
0.001,10000.0,1,0.0001,1234,0.0007,0.0,0.0,0.0,0.0,0.0
0.001,10000.0,1,0.0001,1235,0.000675,0.0,0.0,0.0,0.0,0.0
0.001,10000.0,1,0.0001,1236,0.000875,0.0,0.0,0.0,0.0,0.0
0.001,10000.0,1,0.0001,1237,0.001075,0.0,0.0,0.0,0.0,0.0
0.001,10000.0,1,0.0001,1238,0.000875,0.0,0.0,0.0,0.0,0.0
0.001,10000.0,1,0.0001,1239,0.000825,0.0,0.0,0.0,0.0,0.0
0.001,10000.0,1,0.0001,1240,0.0009,0.0,0.0,0.0,0.0,0.0
0.001,10000.0,1,0.0001,1241,0.00075,0.0,0.0,0.0,0.0,0.0
0.001,10000.0,1,0.0001,1242,0.00065,0.0,0.0,0.0,0.0,0.0
0.001,10000.0,1,0.0001,1243,0.000925,0.0,0.0,0.0,0.0,0.0
0.001,10000.0,1,0.0001,1244,0.000725,0.0,0.0,0.0,0.0,0.0
0.001,10000.0,1,0.0001,1245,0.0007,0.0,0.0,0.0,0.0,0.0
0.001,10000.0,1,0.0001,1246,0.001,0.0,0.0,0.0,0.0,0.0
0.001,10000.0,1,0.0001,1247,0.00075,0.0,0.0,0.0,0.0,0.0
0.001,10000.0,1,0.0001,1248,0.000775,0.0,0.0,0.0,0.0,0.0
0.001,10000.0,1,0.0001,1249,0.0005,0.0,0.0,0.0,0.0,0.0
0.001,10000.0,1,0.0001,1250,0.000775,0.0,0.0,0.0,0.0,0.0
0.001,10000.0,1,0.0001,1251,0.000575,0.0,0.0,0.0,0.0,0.0
0.001,10000.0,1,0.0001,1252,0.00075,0.0,0.0,0.0,0.0,0.0
0.001,10000.0,1,0.0001,1253,0.000625,0.0,0.0,0.0,0.0,0.0
0.001,10000.0,1,0.0001,1254,0.000675,0.0,0.0,0.0,0.0,0.0
0.001,10000.0,1,0.0001,1255,0.001025,0.0,0.0,0.0,0.0,0.0
0.001,10000.0,1,0.0001,1256,0.000625,0.0,0.0,0.0,0.0,0.0
0.001,10000.0,1,0.0001,1257,0.000775,0.0,0.0,0.0,0.0,0.0
0.001,10000.0,1,0.0001,1258,0.001,0.0,0.0,0.0,0.0,0.0
0.001,10000.0,1,0.0001,1259,0.000775,0.0,0.0,0.0,0.0,0.0
0.001,10000.0,1,0.0001,1260,0.0007,0.0,0.0,0.0,0.0,0.0
0.001,10000.0,1,0.0001,1261,0.0007,0.0,0.0,0.0,0.0,0.0
0.001,10000.0,1,0.0001,1262,0.00075,0.0,0.0,0.0,0.0,0.0
0.001,10000.0,1,0.0001,1263,0.001025,0.0,0.0,0.0,0.0,0.0
0.001,10000.0,1,0.0001,1264,0.000775,0.0,0.0,0.0,0.0,0.0
0.001,10000.0,1,0.0001,1265,0.0008,0.0,0.0,0.0,0.0,0.0
0.001,10000.0,1,0.0001,1266,0.000975,0.0,0.0,0.0,0.0,0.0
0.001,10000.0,1,0.0001,1267,0.000775,0.0,0.0,0.0,0.0,0.0
0.001,10000.0,1,0.0001,1268,0.0008,0.0,0.0,0.0,0.0,0.0
0.001,10000.0,1,0.0001,1269,0.000625,0.0,0.0,0.0,0.0,0.0
0.001,10000.0,1,0.0001,1270,0.000875,0.0,0.0,0.0,0.0,0.0
0.001,10000.0,1,0.0001,1271,0.000975,0.0,0.0,0.0,0.0,0.0
0.001,10000.0,1,0.0001,1272,0.000675,0.0,0.0,0.0,0.0,0.0
0.001,10000.0,1,0.0001,1273,0.00075,0.0,0.0,0.0,0.0,0.0
0.001,10000.0,1,0.0001,1274,0.000575,0.0,0.0,0.0,0.0,0.0
0.001,10000.0,1,0.0001,1275,0.001025,0.0,0.0,0.0,0.0,0.0
0.001,10000.0,1,0.0001,1276,0.000875,0.0,0.0,0.0,0.0,0.0
0.001,10000.0,1,0.0001,1277,0.001025,0.0,0.0,0.0,0.0,0.0
0.001,10000.0,1,0.0001,1278,0.0007,0.0,0.0,0.0,0.0,0.0
0.001,10000.0,1,0.0001,1279,0.00055,0.0,0.0,0.0,0.0,0.0
0.001,10000.0,1,0.0001,1280,0.000875,0.0,0.0,0.0,0.0,0.0
0.001,10000.0,1,0.0001,1281,0.0008,0.0,0.0,0.0,0.0,0.0
0.001,10000.0,1,0.0001,1282,0.0009,0.0,0.0,0.0,0.0,0.0
0.001,10000.0,1,0.0001,1283,0.00065,0.0,0.0,0.0,0.0,0.0
0.001,10000.0,1,0.0001,1284,0.000875,0.0,0.0,0.0,0.0,0.0
0.001,10000.0,1,0.0001,1285,0.001,0.0,0.0,0.0,0.0,0.0
0.001,10000.0,1,0.0001,1286,0.00075,0.0,0.0,0.0,0.0,0.0
0.001,10000.0,1,0.0001,1287,0.001125,0.0,0.0,0.0,0.0,0.0
0.001,10000.0,1,0.0001,1288,0.000825,0.0,0.0,0.0,0.0,0.0
0.001,10000.0,1,0.0001,1289,0.000675,0.0,0.0,0.0,0.0,0.0
0.001,10000.0,1,0.0001,1290,0.000875,0.0,0.0,0.0,0.0,0.0
0.001,10000.0,1,0.0001,1291,0.000975,0.0,0.0,0.0,0.0,0.0
0.001,10000.0,1,0.0001,1292,0.0005,0.0,0.0,0.0,0.0,0.0
0.001,10000.0,1,0.0001,1293,0.00085,0.0,0.0,0.0,0.0,0.0
0.001,10000.0,1,0.0001,1294,0.0009,0.0,0.0,0.0,0.0,0.0
0.001,10000.0,1,0.0001,1295,0.0011,0.0,0.0,0.0,0.0,0.0
0.001,10000.0,1,0.0001,1296,0.000775,0.0,0.0,0.0,0.0,0.0
0.001,10000.0,1,0.0001,1297,0.0007,0.0,0.0,0.0,0.0,0.0
0.001,10000.0,1,0.0001,1298,0.0008,0.0,0.0,0.0,0.0,0.0
0.001,10000.0,1,0.0001,1299,0.001,0.0,0.0,0.0,0.0,0.0
0.001,10000.0,1,0.0001,1300,0.000675,0.0,0.0,0.0,0.0,0.0
0.001,10000.0,1,0.0001,1301,0.00075,0.0,0.0,0.0,0.0,0.0
0.001,10000.0,1,0.0001,1302,0.000775,0.0,0.0,0.0,0.0,0.0
0.001,10000.0,1,0.0001,1303,0.000775,0.0,0.0,0.0,0.0,0.0
0.001,10000.0,1,0.0001,1304,0.000875,0.0,0.0,0.0,0.0,0.0
0.001,10000.0,1,0.0001,1305,0.00075,0.0,0.0,0.0,0.0,0.0
0.001,10000.0,1,0.0001,1306,0.0007,0.0,0.0,0.0,0.0,0.0
0.001,10000.0,1,0.0001,1307,0.00105,0.0,0.0,0.0,0.0,0.0
0.001,10000.0,1,0.0001,1308,0.000775,0.0,0.0,0.0,0.0,0.0
0.001,10000.0,1,0.0001,1309,0.00075,0.0,0.0,0.0,0.0,0.0
0.001,10000.0,1,0.0001,1310,0.00095,0.0,0.0,0.0,0.0,0.0
0.001,10000.0,1,0.0001,1311,0.0007,0.0,0.0,0.0,0.0,0.0
0.001,10000.0,1,0.0001,1312,0.000875,0.0,0.0,0.0,0.0,0.0
0.001,10000.0,1,0.0001,1313,0.000975,0.0,0.0,0.0,0.0,0.0
0.001,10000.0,1,0.0001,1314,0.000675,0.0,0.0,0.0,0.0,0.0
0.001,10000.0,1,0.0001,1315,0.000725,0.0,0.0,0.0,0.0,0.0
0.001,10000.0,1,0.0001,1316,0.000625,0.0,0.0,0.0,0.0,0.0
0.001,10000.0,1,0.0001,1317,0.0006,0.0,0.0,0.0,0.0,0.0
0.001,10000.0,1,0.0001,1318,0.000625,0.0,0.0,0.0,0.0,0.0
0.001,10000.0,1,0.0001,1319,0.000875,0.0,0.0,0.0,0.0,0.0
0.001,10000.0,1,0.0001,1320,0.000825,0.0,0.0,0.0,0.0,0.0
0.001,10000.0,1,0.0001,1321,0.000775,0.0,0.0,0.0,0.0,0.0
0.001,10000.0,1,0.0001,1322,0.0008,0.0,0.0,0.0,0.0,0.0
0.001,10000.0,1,0.0001,1323,0.000725,0.0,0.0,0.0,0.0,0.0
0.001,10000.0,1,0.0001,1324,0.00095,0.0,0.0,0.0,0.0,0.0
0.001,10000.0,1,0.0001,1325,0.001,0.0,0.0,0.0,0.0,0.0
0.001,10000.0,1,0.0001,1326,0.001075,0.0,0.0,0.0,0.0,0.0
0.001,10000.0,1,0.0001,1327,0.000675,0.0,0.0,0.0,0.0,0.0
0.001,10000.0,1,0.0001,1328,0.0009,0.0,0.0,0.0,0.0,0.0
0.001,10000.0,1,0.0001,1329,0.000575,0.0,0.0,0.0,0.0,0.0
0.001,10000.0,1,0.0001,1330,0.0009,0.0,0.0,0.0,0.0,0.0
0.001,10000.0,1,0.0001,1331,0.00085,0.0,0.0,0.0,0.0,0.0
0.001,10000.0,1,0.0001,1332,0.000925,0.0,0.0,0.0,0.0,0.0
0.001,10000.0,1,0.0001,1333,0.00085,0.0,0.0,0.0,0.0,0.0
0.001,10000.0,1,0.0001,1334,0.001175,0.0,0.0,0.0,0.0,0.0
0.001,10000.0,1,0.0001,1335,0.00085,0.0,0.0,0.0,0.0,0.0
0.001,10000.0,1,0.0001,1336,0.000825,0.0,0.0,0.0,0.0,0.0
0.001,10000.0,1,0.0001,1337,0.00095,0.0,0.0,0.0,0.0,0.0
0.001,10000.0,1,0.0001,1338,0.000775,0.0,0.0,0.0,0.0,0.0
0.001,10000.0,1,0.0001,1339,0.000675,0.0,0.0,0.0,0.0,0.0
0.001,10000.0,1,0.0001,1340,0.00075,0.0,0.0,0.0,0.0,0.0
0.001,10000.0,1,0.0001,1341,0.000825,0.0,0.0,0.0,0.0,0.0
0.001,10000.0,1,0.0001,1342,0.000975,0.0,0.0,0.0,0.0,0.0
0.001,10000.0,1,0.0001,1343,0.000825,0.0,0.0,0.0,0.0,0.0
0.001,10000.0,1,0.0001,1344,0.0008,0.0,0.0,0.0,0.0,0.0
0.001,10000.0,1,0.0001,1345,0.00095,0.0,0.0,0.0,0.0,0.0
0.001,10000.0,1,0.0001,1346,0.000875,0.0,0.0,0.0,0.0,0.0
0.001,10000.0,1,0.0001,1347,0.000775,0.0,0.0,0.0,0.0,0.0
0.001,10000.0,1,0.0001,1348,0.000725,0.0,0.0,0.0,0.0,0.0
0.001,10000.0,1,0.0001,1349,0.0008,0.0,0.0,0.0,0.0,0.0
0.001,10000.0,1,0.0001,1350,0.00085,0.0,0.0,0.0,0.0,0.0
0.001,10000.0,1,0.0001,1351,0.001025,0.0,0.0,0.0,0.0,0.0
0.001,10000.0,1,0.0001,1352,0.00055,0.0,0.0,0.0,0.0,0.0
0.001,10000.0,1,0.0001,1353,0.000675,0.0,0.0,0.0,0.0,0.0
0.001,10000.0,1,0.0001,1354,0.00065,0.0,0.0,0.0,0.0,0.0
0.001,10000.0,1,0.0001,1355,0.000575,0.0,0.0,0.0,0.0,0.0
0.001,10000.0,1,0.0001,1356,0.00085,0.0,0.0,0.0,0.0,0.0
0.001,10000.0,1,0.0001,1357,0.00075,0.0,0.0,0.0,0.0,0.0
0.001,10000.0,1,0.0001,1358,0.000525,0.0,0.0,0.0,0.0,0.0
0.001,10000.0,1,0.0001,1359,0.00085,0.0,0.0,0.0,0.0,0.0
0.001,10000.0,1,0.0001,1360,0.000825,0.0,0.0,0.0,0.0,0.0
0.001,10000.0,1,0.0001,1361,0.000975,0.0,0.0,0.0,0.0,0.0
0.001,10000.0,1,0.0001,1362,0.00085,0.0,0.0,0.0,0.0,0.0
0.001,10000.0,1,0.0001,1363,0.000775,0.0,0.0,0.0,0.0,0.0
0.001,10000.0,1,0.0001,1364,0.000775,0.0,0.0,0.0,0.0,0.0
0.001,10000.0,1,0.0001,1365,0.000775,0.0,0.0,0.0,0.0,0.0
0.001,10000.0,1,0.0001,1366,0.0011,0.0,0.0,0.0,0.0,0.0
0.001,10000.0,1,0.0001,1367,0.0007,0.0,0.0,0.0,0.0,0.0
0.001,10000.0,1,0.0001,1368,0.00075,0.0,0.0,0.0,0.0,0.0
0.001,10000.0,1,0.0001,1369,0.000675,0.0,0.0,0.0,0.0,0.0
0.001,10000.0,1,0.0001,1370,0.000625,0.0,0.0,0.0,0.0,0.0
0.001,10000.0,1,0.0001,1371,0.000775,0.0,0.0,0.0,0.0,0.0
0.001,10000.0,1,0.0001,1372,0.00085,0.0,0.0,0.0,0.0,0.0
0.001,10000.0,1,0.0001,1373,0.00085,0.0,0.0,0.0,0.0,0.0
0.001,10000.0,1,0.0001,1374,0.000825,0.0,0.0,0.0,0.0,0.0
0.001,10000.0,1,0.0001,1375,0.0006,0.0,0.0,0.0,0.0,0.0
0.001,10000.0,1,0.0001,1376,0.000875,0.0,0.0,0.0,0.0,0.0
0.001,10000.0,1,0.0001,1377,0.00075,0.0,0.0,0.0,0.0,0.0
0.001,10000.0,1,0.0001,1378,0.001,0.0,0.0,0.0,0.0,0.0
0.001,10000.0,1,0.0001,1379,0.000825,0.0,0.0,0.0,0.0,0.0
0.001,10000.0,1,0.0001,1380,0.00075,0.0,0.0,0.0,0.0,0.0
0.001,10000.0,1,0.0001,1381,0.00075,0.0,0.0,0.0,0.0,0.0
0.001,10000.0,1,0.0001,1382,0.0007,0.0,0.0,0.0,0.0,0.0
0.001,10000.0,1,0.0001,1383,0.001,0.0,0.0,0.0,0.0,0.0
0.001,10000.0,1,0.0001,1384,0.00065,0.0,0.0,0.0,0.0,0.0
0.001,10000.0,1,0.0001,1385,0.000725,0.0,0.0,0.0,0.0,0.0
0.001,10000.0,1,0.0001,1386,0.00085,0.0,0.0,0.0,0.0,0.0
0.001,10000.0,1,0.0001,1387,0.000575,0.0,0.0,0.0,0.0,0.0
0.001,10000.0,1,0.0001,1388,0.00065,0.0,0.0,0.0,0.0,0.0
0.001,10000.0,1,0.0001,1389,0.0007,0.0,0.0,0.0,0.0,0.0
0.001,10000.0,1,0.0001,1390,0.000875,0.0,0.0,0.0,0.0,0.0
0.001,10000.0,1,0.0001,1391,0.0007,0.0,0.0,0.0,0.0,0.0
0.001,10000.0,1,0.0001,1392,0.000925,0.0,0.0,0.0,0.0,0.0
0.001,10000.0,1,0.0001,1393,0.000925,0.0,0.0,0.0,0.0,0.0
0.001,10000.0,1,0.0001,1394,0.000825,0.0,0.0,0.0,0.0,0.0
0.001,10000.0,1,0.0001,1395,0.00055,0.0,0.0,0.0,0.0,0.0
0.001,10000.0,1,0.0001,1396,0.000675,0.0,0.0,0.0,0.0,0.0
0.001,10000.0,1,0.0001,1397,0.00115,0.0,0.0,0.0,0.0,0.0
0.001,10000.0,1,0.0001,1398,0.000475,0.0,0.0,0.0,0.0,0.0
0.001,10000.0,1,0.0001,1399,0.000875,0.0,0.0,0.0,0.0,0.0
0.001,10000.0,1,0.0001,1400,0.00085,0.0,0.0,0.0,0.0,0.0
0.001,10000.0,1,0.0001,1401,0.000975,0.0,0.0,0.0,0.0,0.0
0.001,10000.0,1,0.0001,1402,0.0005,0.0,0.0,0.0,0.0,0.0
0.001,10000.0,1,0.0001,1403,0.000575,0.0,0.0,0.0,0.0,0.0
0.001,10000.0,1,0.0001,1404,0.000725,0.0,0.0,0.0,0.0,0.0
0.001,10000.0,1,0.0001,1405,0.000875,0.0,0.0,0.0,0.0,0.0
0.001,10000.0,1,0.0001,1406,0.000675,0.0,0.0,0.0,0.0,0.0
0.001,10000.0,1,0.0001,1407,0.00115,0.0,0.0,0.0,0.0,0.0
0.001,10000.0,1,0.0001,1408,0.000875,0.0,0.0,0.0,0.0,0.0
0.001,10000.0,1,0.0001,1409,0.0007,0.0,0.0,0.0,0.0,0.0
0.001,10000.0,1,0.0001,1410,0.000575,0.0,0.0,0.0,0.0,0.0
0.001,10000.0,1,0.0001,1411,0.000975,0.0,0.0,0.0,0.0,0.0
0.001,10000.0,1,0.0001,1412,0.0005,0.0,0.0,0.0,0.0,0.0
0.001,10000.0,1,0.0001,1413,0.0007,0.0,0.0,0.0,0.0,0.0
0.001,10000.0,1,0.0001,1414,0.000625,0.0,0.0,0.0,0.0,0.0
0.001,10000.0,1,0.0001,1415,0.0008,0.0,0.0,0.0,0.0,0.0
0.001,10000.0,1,0.0001,1416,0.00065,0.0,0.0,0.0,0.0,0.0
0.001,10000.0,1,0.0001,1417,0.0011,0.0,0.0,0.0,0.0,0.0
0.001,10000.0,1,0.0001,1418,0.000725,0.0,0.0,0.0,0.0,0.0
0.001,10000.0,1,0.0001,1419,0.00105,0.0,0.0,0.0,0.0,0.0
0.001,10000.0,1,0.0001,1420,0.00095,0.0,0.0,0.0,0.0,0.0
0.001,10000.0,1,0.0001,1421,0.000775,0.0,0.0,0.0,0.0,0.0
0.001,10000.0,1,0.0001,1422,0.000625,0.0,0.0,0.0,0.0,0.0
0.001,10000.0,1,0.0001,1423,0.00055,0.0,0.0,0.0,0.0,0.0
0.001,10000.0,1,0.0001,1424,0.00085,0.0,0.0,0.0,0.0,0.0
0.001,10000.0,1,0.0001,1425,0.000675,0.0,0.0,0.0,0.0,0.0
0.001,10000.0,1,0.0001,1426,0.0009,0.0,0.0,0.0,0.0,0.0
0.001,10000.0,1,0.0001,1427,0.0009,0.0,0.0,0.0,0.0,0.0
0.001,10000.0,1,0.0001,1428,0.00095,0.0,0.0,0.0,0.0,0.0
0.001,10000.0,1,0.0001,1429,0.00085,0.0,0.0,0.0,0.0,0.0
0.001,10000.0,1,0.0001,1430,0.000875,0.0,0.0,0.0,0.0,0.0
0.001,10000.0,1,0.0001,1431,0.000975,0.0,0.0,0.0,0.0,0.0
0.001,10000.0,1,0.0001,1432,0.000575,0.0,0.0,0.0,0.0,0.0
0.001,10000.0,1,0.0001,1433,0.00095,0.0,0.0,0.0,0.0,0.0
0.001,10000.0,1,0.0001,1434,0.0009,0.0,0.0,0.0,0.0,0.0
0.001,10000.0,1,0.0001,1435,0.00065,0.0,0.0,0.0,0.0,0.0
0.001,10000.0,1,0.0001,1436,0.000925,0.0,0.0,0.0,0.0,0.0
0.001,10000.0,1,0.0001,1437,0.0007,0.0,0.0,0.0,0.0,0.0
0.001,10000.0,1,0.0001,1438,0.000825,0.0,0.0,0.0,0.0,0.0
0.001,10000.0,1,0.0001,1439,0.000825,0.0,0.0,0.0,0.0,0.0
0.001,10000.0,1,0.0001,1440,0.00125,0.0,0.0,0.0,0.0,0.0
0.001,10000.0,1,0.0001,1441,0.00105,0.0,0.0,0.0,0.0,0.0
0.001,10000.0,1,0.0001,1442,0.000825,0.0,0.0,0.0,0.0,0.0
0.001,10000.0,1,0.0001,1443,0.00075,0.0,0.0,0.0,0.0,0.0
0.001,10000.0,1,0.0001,1444,0.00075,0.0,0.0,0.0,0.0,0.0
0.001,10000.0,1,0.0001,1445,0.0008,0.0,0.0,0.0,0.0,0.0
0.001,10000.0,1,0.0001,1446,0.0009,0.0,0.0,0.0,0.0,0.0
0.001,10000.0,1,0.0001,1447,0.000875,0.0,0.0,0.0,0.0,0.0
0.001,10000.0,1,0.0001,1448,0.00065,0.0,0.0,0.0,0.0,0.0
0.001,10000.0,1,0.0001,1449,0.000975,0.0,0.0,0.0,0.0,0.0
0.001,10000.0,1,0.0001,1450,0.00085,0.0,0.0,0.0,0.0,0.0
0.001,10000.0,1,0.0001,1451,0.000925,0.0,0.0,0.0,0.0,0.0
0.001,10000.0,1,0.0001,1452,0.00095,0.0,0.0,0.0,0.0,0.0
0.001,10000.0,1,0.0001,1453,0.000625,0.0,0.0,0.0,0.0,0.0
0.001,10000.0,1,0.0001,1454,0.001,0.0,0.0,0.0,0.0,0.0
0.001,10000.0,1,0.0001,1455,0.001075,0.0,0.0,0.0,0.0,0.0
0.001,10000.0,1,0.0001,1456,0.000925,0.0,0.0,0.0,0.0,0.0
0.001,10000.0,1,0.0001,1457,0.00075,0.0,0.0,0.0,0.0,0.0
0.001,10000.0,1,0.0001,1458,0.00075,0.0,0.0,0.0,0.0,0.0
0.001,10000.0,1,0.0001,1459,0.0006,0.0,0.0,0.0,0.0,0.0
0.001,10000.0,1,0.0001,1460,0.000675,0.0,0.0,0.0,0.0,0.0
0.001,10000.0,1,0.0001,1461,0.000525,0.0,0.0,0.0,0.0,0.0
0.001,10000.0,1,0.0001,1462,0.000925,0.0,0.0,0.0,0.0,0.0
0.001,10000.0,1,0.0001,1463,0.000825,0.0,0.0,0.0,0.0,0.0
0.001,10000.0,1,0.0001,1464,0.000775,0.0,0.0,0.0,0.0,0.0
0.001,10000.0,1,0.0001,1465,0.00095,0.0,0.0,0.0,0.0,0.0
0.001,10000.0,1,0.0001,1466,0.000925,0.0,0.0,0.0,0.0,0.0
0.001,10000.0,1,0.0001,1467,0.00095,0.0,0.0,0.0,0.0,0.0
0.001,10000.0,1,0.0001,1468,0.00065,0.0,0.0,0.0,0.0,0.0
0.001,10000.0,1,0.0001,1469,0.001025,0.0,0.0,0.0,0.0,0.0
0.001,10000.0,1,0.0001,1470,0.0007,0.0,0.0,0.0,0.0,0.0
0.001,10000.0,1,0.0001,1471,0.000875,0.0,0.0,0.0,0.0,0.0
0.001,10000.0,1,0.0001,1472,0.001,0.0,0.0,0.0,0.0,0.0
0.001,10000.0,1,0.0001,1473,0.000925,0.0,0.0,0.0,0.0,0.0
0.001,10000.0,1,0.0001,1474,0.000925,0.0,0.0,0.0,0.0,0.0
0.001,10000.0,1,0.0001,1475,0.0006,0.0,0.0,0.0,0.0,0.0
0.001,10000.0,1,0.0001,1476,0.0007,0.0,0.0,0.0,0.0,0.0
0.001,10000.0,1,0.0001,1477,0.000675,0.0,0.0,0.0,0.0,0.0
0.001,10000.0,1,0.0001,1478,0.0008,0.0,0.0,0.0,0.0,0.0
0.001,10000.0,1,0.0001,1479,0.0009,0.0,0.0,0.0,0.0,0.0
0.001,10000.0,1,0.0001,1480,0.000975,0.0,0.0,0.0,0.0,0.0
0.001,10000.0,1,0.0001,1481,0.000625,0.0,0.0,0.0,0.0,0.0
0.001,10000.0,1,0.0001,1482,0.000825,0.0,0.0,0.0,0.0,0.0
0.001,10000.0,1,0.0001,1483,0.000775,0.0,0.0,0.0,0.0,0.0
0.001,10000.0,1,0.0001,1484,0.0007,0.0,0.0,0.0,0.0,0.0
0.001,10000.0,1,0.0001,1485,0.001025,0.0,0.0,0.0,0.0,0.0
0.001,10000.0,1,0.0001,1486,0.000825,0.0,0.0,0.0,0.0,0.0
0.001,10000.0,1,0.0001,1487,0.0011,0.0,0.0,0.0,0.0,0.0
0.001,10000.0,1,0.0001,1488,0.000775,0.0,0.0,0.0,0.0,0.0
0.001,10000.0,1,0.0001,1489,0.0006,0.0,0.0,0.0,0.0,0.0
0.001,10000.0,1,0.0001,1490,0.000925,0.0,0.0,0.0,0.0,0.0
0.001,10000.0,1,0.0001,1491,0.0008,0.0,0.0,0.0,0.0,0.0
0.001,10000.0,1,0.0001,1492,0.0009,0.0,0.0,0.0,0.0,0.0
0.001,10000.0,1,0.0001,1493,0.000775,0.0,0.0,0.0,0.0,0.0
0.001,10000.0,1,0.0001,1494,0.000675,0.0,0.0,0.0,0.0,0.0
0.001,10000.0,1,0.0001,1495,0.000775,0.0,0.0,0.0,0.0,0.0
0.001,10000.0,1,0.0001,1496,0.00085,0.0,0.0,0.0,0.0,0.0
0.001,10000.0,1,0.0001,1497,0.000675,0.0,0.0,0.0,0.0,0.0
0.001,10000.0,1,0.0001,1498,0.0008,0.0,0.0,0.0,0.0,0.0
0.001,10000.0,1,0.0001,1499,0.0008,0.0,0.0,0.0,0.0,0.0
0.001,10000.0,1,0.0001,1500,0.001,0.0,0.0,0.0,0.0,0.0
0.001,10000.0,1,0.0001,1501,0.000825,0.0,0.0,0.0,0.0,0.0
0.001,10000.0,1,0.0001,1502,0.000675,0.0,0.0,0.0,0.0,0.0
0.001,10000.0,1,0.0001,1503,0.0007,0.0,0.0,0.0,0.0,0.0
0.001,10000.0,1,0.0001,1504,0.0007,0.0,0.0,0.0,0.0,0.0
0.001,10000.0,1,0.0001,1505,0.00065,0.0,0.0,0.0,0.0,0.0
0.001,10000.0,1,0.0001,1506,0.000775,0.0,0.0,0.0,0.0,0.0
0.001,10000.0,1,0.0001,1507,0.000775,0.0,0.0,0.0,0.0,0.0
0.001,10000.0,1,0.0001,1508,0.001025,0.0,0.0,0.0,0.0,0.0
0.001,10000.0,1,0.0001,1509,0.0006,0.0,0.0,0.0,0.0,0.0
0.001,10000.0,1,0.0001,1510,0.000875,0.0,0.0,0.0,0.0,0.0
0.001,10000.0,1,0.0001,1511,0.0008,0.0,0.0,0.0,0.0,0.0
0.001,10000.0,1,0.0001,1512,0.00085,0.0,0.0,0.0,0.0,0.0
0.001,10000.0,1,0.0001,1513,0.000775,0.0,0.0,0.0,0.0,0.0
0.001,10000.0,1,0.0001,1514,0.0007,0.0,0.0,0.0,0.0,0.0
0.001,10000.0,1,0.0001,1515,0.000975,0.0,0.0,0.0,0.0,0.0
0.001,10000.0,1,0.0001,1516,0.00075,0.0,0.0,0.0,0.0,0.0
0.001,10000.0,1,0.0001,1517,0.0008,0.0,0.0,0.0,0.0,0.0
0.001,10000.0,1,0.0001,1518,0.000975,0.0,0.0,0.0,0.0,0.0
0.001,10000.0,1,0.0001,1519,0.00105,0.0,0.0,0.0,0.0,0.0
0.001,10000.0,1,0.0001,1520,0.00065,0.0,0.0,0.0,0.0,0.0
0.001,10000.0,1,0.0001,1521,0.000925,0.0,0.0,0.0,0.0,0.0
0.001,10000.0,1,0.0001,1522,0.00065,0.0,0.0,0.0,0.0,0.0
0.001,10000.0,1,0.0001,1523,0.00095,0.0,0.0,0.0,0.0,0.0
0.001,10000.0,1,0.0001,1524,0.000775,0.0,0.0,0.0,0.0,0.0
0.001,10000.0,1,0.0001,1525,0.0009,0.0,0.0,0.0,0.0,0.0
0.001,10000.0,1,0.0001,1526,0.000725,0.0,0.0,0.0,0.0,0.0
0.001,10000.0,1,0.0001,1527,0.0008,0.0,0.0,0.0,0.0,0.0
0.001,10000.0,1,0.0001,1528,0.000725,0.0,0.0,0.0,0.0,0.0
0.001,10000.0,1,0.0001,1529,0.000775,0.0,0.0,0.0,0.0,0.0
0.001,10000.0,1,0.0001,1530,0.000775,0.0,0.0,0.0,0.0,0.0
0.001,10000.0,1,0.0001,1531,0.000775,0.0,0.0,0.0,0.0,0.0
0.001,10000.0,1,0.0001,1532,0.000725,0.0,0.0,0.0,0.0,0.0
0.001,10000.0,1,0.0001,1533,0.00075,0.0,0.0,0.0,0.0,0.0
0.001,10000.0,1,0.0001,1534,0.0009,0.0,0.0,0.0,0.0,0.0
0.001,10000.0,1,0.0001,1535,0.000775,0.0,0.0,0.0,0.0,0.0
0.001,10000.0,1,0.0001,1536,0.000525,0.0,0.0,0.0,0.0,0.0
0.001,10000.0,1,0.0001,1537,0.000675,0.0,0.0,0.0,0.0,0.0
0.001,10000.0,1,0.0001,1538,0.001025,0.0,0.0,0.0,0.0,0.0
0.001,10000.0,1,0.0001,1539,0.00075,0.0,0.0,0.0,0.0,0.0
0.001,10000.0,1,0.0001,1540,0.0007,0.0,0.0,0.0,0.0,0.0
0.001,10000.0,1,0.0001,1541,0.001025,0.0,0.0,0.0,0.0,0.0
0.001,10000.0,1,0.0001,1542,0.000975,0.0,0.0,0.0,0.0,0.0
0.001,10000.0,1,0.0001,1543,0.0007,0.0,0.0,0.0,0.0,0.0
0.001,10000.0,1,0.0001,1544,0.001,0.0,0.0,0.0,0.0,0.0
0.001,10000.0,1,0.0001,1545,0.0009,0.0,0.0,0.0,0.0,0.0
0.001,10000.0,1,0.0001,1546,0.0006,0.0,0.0,0.0,0.0,0.0
0.001,10000.0,1,0.0001,1547,0.00085,0.0,0.0,0.0,0.0,0.0
0.001,10000.0,1,0.0001,1548,0.000925,0.0,0.0,0.0,0.0,0.0
0.001,10000.0,1,0.0001,1549,0.001175,0.0,0.0,0.0,0.0,0.0
0.001,10000.0,1,0.0001,1550,0.0009,0.0,0.0,0.0,0.0,0.0
0.001,10000.0,1,0.0001,1551,0.0008,0.0,0.0,0.0,0.0,0.0
0.001,10000.0,1,0.0001,1552,0.00095,0.0,0.0,0.0,0.0,0.0
0.001,10000.0,1,0.0001,1553,0.00095,0.0,0.0,0.0,0.0,0.0
0.001,10000.0,1,0.0001,1554,0.000825,0.0,0.0,0.0,0.0,0.0
0.001,10000.0,1,0.0001,1555,0.00095,0.0,0.0,0.0,0.0,0.0
0.001,10000.0,1,0.0001,1556,0.000925,0.0,0.0,0.0,0.0,0.0
0.001,10000.0,1,0.0001,1557,0.000625,0.0,0.0,0.0,0.0,0.0
0.001,10000.0,1,0.0001,1558,0.000875,0.0,0.0,0.0,0.0,0.0
0.001,10000.0,1,0.0001,1559,0.000625,0.0,0.0,0.0,0.0,0.0
0.001,10000.0,1,0.0001,1560,0.000825,0.0,0.0,0.0,0.0,0.0
0.001,10000.0,1,0.0001,1561,0.000775,0.0,0.0,0.0,0.0,0.0
0.001,10000.0,1,0.0001,1562,0.0011,0.0,0.0,0.0,0.0,0.0
0.001,10000.0,1,0.0001,1563,0.000875,0.0,0.0,0.0,0.0,0.0
0.001,10000.0,1,0.0001,1564,0.001025,0.0,0.0,0.0,0.0,0.0
0.001,10000.0,1,0.0001,1565,0.000625,0.0,0.0,0.0,0.0,0.0
0.001,10000.0,1,0.0001,1566,0.0006,0.0,0.0,0.0,0.0,0.0
0.001,10000.0,1,0.0001,1567,0.001,0.0,0.0,0.0,0.0,0.0
0.001,10000.0,1,0.0001,1568,0.0009,0.0,0.0,0.0,0.0,0.0
0.001,10000.0,1,0.0001,1569,0.00075,0.0,0.0,0.0,0.0,0.0
0.001,10000.0,1,0.0001,1570,0.000975,0.0,0.0,0.0,0.0,0.0
0.001,10000.0,1,0.0001,1571,0.001,0.0,0.0,0.0,0.0,0.0
0.001,10000.0,1,0.0001,1572,0.0008,0.0,0.0,0.0,0.0,0.0
0.001,10000.0,1,0.0001,1573,0.000725,0.0,0.0,0.0,0.0,0.0
0.001,10000.0,1,0.0001,1574,0.001,0.0,0.0,0.0,0.0,0.0
0.001,10000.0,1,0.0001,1575,0.00105,0.0,0.0,0.0,0.0,0.0
0.001,10000.0,1,0.0001,1576,0.0008,0.0,0.0,0.0,0.0,0.0
0.001,10000.0,1,0.0001,1577,0.000775,0.0,0.0,0.0,0.0,0.0
0.001,10000.0,1,0.0001,1578,0.000775,0.0,0.0,0.0,0.0,0.0
0.001,10000.0,1,0.0001,1579,0.001025,0.0,0.0,0.0,0.0,0.0
0.001,10000.0,1,0.0001,1580,0.000725,0.0,0.0,0.0,0.0,0.0
0.001,10000.0,1,0.0001,1581,0.000725,0.0,0.0,0.0,0.0,0.0
0.001,10000.0,1,0.0001,1582,0.00055,0.0,0.0,0.0,0.0,0.0
0.001,10000.0,1,0.0001,1583,0.001,0.0,0.0,0.0,0.0,0.0
0.001,10000.0,1,0.0001,1584,0.001,0.0,0.0,0.0,0.0,0.0
0.001,10000.0,1,0.0001,1585,0.000675,0.0,0.0,0.0,0.0,0.0
0.001,10000.0,1,0.0001,1586,0.000925,0.0,0.0,0.0,0.0,0.0
0.001,10000.0,1,0.0001,1587,0.00065,0.0,0.0,0.0,0.0,0.0
0.001,10000.0,1,0.0001,1588,0.00065,0.0,0.0,0.0,0.0,0.0
0.001,10000.0,1,0.0001,1589,0.000825,0.0,0.0,0.0,0.0,0.0
0.001,10000.0,1,0.0001,1590,0.000875,0.0,0.0,0.0,0.0,0.0
0.001,10000.0,1,0.0001,1591,0.00075,0.0,0.0,0.0,0.0,0.0
0.001,10000.0,1,0.0001,1592,0.000875,0.0,0.0,0.0,0.0,0.0
0.001,10000.0,1,0.0001,1593,0.0008,0.0,0.0,0.0,0.0,0.0
0.001,10000.0,1,0.0001,1594,0.000975,0.0,0.0,0.0,0.0,0.0
0.001,10000.0,1,0.0001,1595,0.00075,0.0,0.0,0.0,0.0,0.0
0.001,10000.0,1,0.0001,1596,0.0008,0.0,0.0,0.0,0.0,0.0
0.001,10000.0,1,0.0001,1597,0.0008,0.0,0.0,0.0,0.0,0.0
0.001,10000.0,1,0.0001,1598,0.000775,0.0,0.0,0.0,0.0,0.0
0.001,10000.0,1,0.0001,1599,0.00075,0.0,0.0,0.0,0.0,0.0
0.001,10000.0,1,0.0001,1600,0.000775,0.0,0.0,0.0,0.0,0.0
0.001,10000.0,1,0.0001,1601,0.0008,0.0,0.0,0.0,0.0,0.0
0.001,10000.0,1,0.0001,1602,0.001,0.0,0.0,0.0,0.0,0.0
0.001,10000.0,1,0.0001,1603,0.000875,0.0,0.0,0.0,0.0,0.0
0.001,10000.0,1,0.0001,1604,0.0006,0.0,0.0,0.0,0.0,0.0
0.001,10000.0,1,0.0001,1605,0.000875,0.0,0.0,0.0,0.0,0.0
0.001,10000.0,1,0.0001,1606,0.000975,0.0,0.0,0.0,0.0,0.0
0.001,10000.0,1,0.0001,1607,0.00095,0.0,0.0,0.0,0.0,0.0
0.001,10000.0,1,0.0001,1608,0.000875,0.0,0.0,0.0,0.0,0.0
0.001,10000.0,1,0.0001,1609,0.000775,0.0,0.0,0.0,0.0,0.0
0.001,10000.0,1,0.0001,1610,0.000875,0.0,0.0,0.0,0.0,0.0
0.001,10000.0,1,0.0001,1611,0.00065,0.0,0.0,0.0,0.0,0.0
0.001,10000.0,1,0.0001,1612,0.000775,0.0,0.0,0.0,0.0,0.0
0.001,10000.0,1,0.0001,1613,0.0007,0.0,0.0,0.0,0.0,0.0
0.001,10000.0,1,0.0001,1614,0.001225,0.0,0.0,0.0,0.0,0.0
0.001,10000.0,1,0.0001,1615,0.000825,0.0,0.0,0.0,0.0,0.0
0.001,10000.0,1,0.0001,1616,0.00075,0.0,0.0,0.0,0.0,0.0
0.001,10000.0,1,0.0001,1617,0.0008,0.0,0.0,0.0,0.0,0.0
0.001,10000.0,1,0.0001,1618,0.0006,0.0,0.0,0.0,0.0,0.0
0.001,10000.0,1,0.0001,1619,0.00075,0.0,0.0,0.0,0.0,0.0
0.001,10000.0,1,0.0001,1620,0.000575,0.0,0.0,0.0,0.0,0.0
0.001,10000.0,1,0.0001,1621,0.0009,0.0,0.0,0.0,0.0,0.0
0.001,10000.0,1,0.0001,1622,0.0007,0.0,0.0,0.0,0.0,0.0
0.001,10000.0,1,0.0001,1623,0.000975,0.0,0.0,0.0,0.0,0.0
0.001,10000.0,1,0.0001,1624,0.000825,0.0,0.0,0.0,0.0,0.0
0.001,10000.0,1,0.0001,1625,0.0008,0.0,0.0,0.0,0.0,0.0
0.001,10000.0,1,0.0001,1626,0.0008,0.0,0.0,0.0,0.0,0.0
0.001,10000.0,1,0.0001,1627,0.000725,0.0,0.0,0.0,0.0,0.0
0.001,10000.0,1,0.0001,1628,0.000675,0.0,0.0,0.0,0.0,0.0
0.001,10000.0,1,0.0001,1629,0.00105,0.0,0.0,0.0,0.0,0.0
0.001,10000.0,1,0.0001,1630,0.000725,0.0,0.0,0.0,0.0,0.0
0.001,10000.0,1,0.0001,1631,0.000925,0.0,0.0,0.0,0.0,0.0
0.001,10000.0,1,0.0001,1632,0.000825,0.0,0.0,0.0,0.0,0.0
0.001,10000.0,1,0.0001,1633,0.00075,0.0,0.0,0.0,0.0,0.0
0.001,10000.0,1,0.0001,1634,0.00075,0.0,0.0,0.0,0.0,0.0
0.001,10000.0,1,0.0001,1635,0.0007,0.0,0.0,0.0,0.0,0.0
0.001,10000.0,1,0.0001,1636,0.00095,0.0,0.0,0.0,0.0,0.0
0.001,10000.0,1,0.0001,1637,0.000725,0.0,0.0,0.0,0.0,0.0
0.001,10000.0,1,0.0001,1638,0.00095,0.0,0.0,0.0,0.0,0.0
0.001,10000.0,1,0.0001,1639,0.001,0.0,0.0,0.0,0.0,0.0
0.001,10000.0,1,0.0001,1640,0.000925,0.0,0.0,0.0,0.0,0.0
0.001,10000.0,1,0.0001,1641,0.000825,0.0,0.0,0.0,0.0,0.0
0.001,10000.0,1,0.0001,1642,0.0009,0.0,0.0,0.0,0.0,0.0
0.001,10000.0,1,0.0001,1643,0.00105,0.0,0.0,0.0,0.0,0.0
0.001,10000.0,1,0.0001,1644,0.000875,0.0,0.0,0.0,0.0,0.0
0.001,10000.0,1,0.0001,1645,0.0008,0.0,0.0,0.0,0.0,0.0
0.001,10000.0,1,0.0001,1646,0.000875,0.0,0.0,0.0,0.0,0.0
0.001,10000.0,1,0.0001,1647,0.000775,0.0,0.0,0.0,0.0,0.0
0.001,10000.0,1,0.0001,1648,0.000625,0.0,0.0,0.0,0.0,0.0
0.001,10000.0,1,0.0001,1649,0.000925,0.0,0.0,0.0,0.0,0.0
0.001,10000.0,1,0.0001,1650,0.00095,0.0,0.0,0.0,0.0,0.0
0.001,10000.0,1,0.0001,1651,0.00085,0.0,0.0,0.0,0.0,0.0
0.001,10000.0,1,0.0001,1652,0.000625,0.0,0.0,0.0,0.0,0.0
0.001,10000.0,1,0.0001,1653,0.0009,0.0,0.0,0.0,0.0,0.0
0.001,10000.0,1,0.0001,1654,0.00105,0.0,0.0,0.0,0.0,0.0
0.001,10000.0,1,0.0001,1655,0.000825,0.0,0.0,0.0,0.0,0.0
0.001,10000.0,1,0.0001,1656,0.000825,0.0,0.0,0.0,0.0,0.0
0.001,10000.0,1,0.0001,1657,0.00085,0.0,0.0,0.0,0.0,0.0
0.001,10000.0,1,0.0001,1658,0.0008,0.0,0.0,0.0,0.0,0.0
0.001,10000.0,1,0.0001,1659,0.000575,0.0,0.0,0.0,0.0,0.0
0.001,10000.0,1,0.0001,1660,0.000575,0.0,0.0,0.0,0.0,0.0
0.001,10000.0,1,0.0001,1661,0.0011,0.0,0.0,0.0,0.0,0.0
0.001,10000.0,1,0.0001,1662,0.000775,0.0,0.0,0.0,0.0,0.0
0.001,10000.0,1,0.0001,1663,0.000875,0.0,0.0,0.0,0.0,0.0
0.001,10000.0,1,0.0001,1664,0.0007,0.0,0.0,0.0,0.0,0.0
0.001,10000.0,1,0.0001,1665,0.00085,0.0,0.0,0.0,0.0,0.0
0.001,10000.0,1,0.0001,1666,0.00075,0.0,0.0,0.0,0.0,0.0
0.001,10000.0,1,0.0001,1667,0.0011,0.0,0.0,0.0,0.0,0.0
0.001,10000.0,1,0.0001,1668,0.000725,0.0,0.0,0.0,0.0,0.0
0.001,10000.0,1,0.0001,1669,0.0008,0.0,0.0,0.0,0.0,0.0
0.001,10000.0,1,0.0001,1670,0.00065,0.0,0.0,0.0,0.0,0.0
0.001,10000.0,1,0.0001,1671,0.001075,0.0,0.0,0.0,0.0,0.0
0.001,10000.0,1,0.0001,1672,0.000975,0.0,0.0,0.0,0.0,0.0
0.001,10000.0,1,0.0001,1673,0.000925,0.0,0.0,0.0,0.0,0.0
0.001,10000.0,1,0.0001,1674,0.000825,0.0,0.0,0.0,0.0,0.0
0.001,10000.0,1,0.0001,1675,0.000775,0.0,0.0,0.0,0.0,0.0
0.001,10000.0,1,0.0001,1676,0.000825,0.0,0.0,0.0,0.0,0.0
0.001,10000.0,1,0.0001,1677,0.0006,0.0,0.0,0.0,0.0,0.0
0.001,10000.0,1,0.0001,1678,0.001,0.0,0.0,0.0,0.0,0.0
0.001,10000.0,1,0.0001,1679,0.00075,0.0,0.0,0.0,0.0,0.0
0.001,10000.0,1,0.0001,1680,0.001,0.0,0.0,0.0,0.0,0.0
0.001,10000.0,1,0.0001,1681,0.001,0.0,0.0,0.0,0.0,0.0
0.001,10000.0,1,0.0001,1682,0.00085,0.0,0.0,0.0,0.0,0.0
0.001,10000.0,1,0.0001,1683,0.00095,0.0,0.0,0.0,0.0,0.0
0.001,10000.0,1,0.0001,1684,0.0008,0.0,0.0,0.0,0.0,0.0
0.001,10000.0,1,0.0001,1685,0.00075,0.0,0.0,0.0,0.0,0.0
0.001,10000.0,1,0.0001,1686,0.00095,0.0,0.0,0.0,0.0,0.0
0.001,10000.0,1,0.0001,1687,0.000725,0.0,0.0,0.0,0.0,0.0
0.001,10000.0,1,0.0001,1688,0.000775,0.0,0.0,0.0,0.0,0.0
0.001,10000.0,1,0.0001,1689,0.00075,0.0,0.0,0.0,0.0,0.0
0.001,10000.0,1,0.0001,1690,0.000825,0.0,0.0,0.0,0.0,0.0
0.001,10000.0,1,0.0001,1691,0.000675,0.0,0.0,0.0,0.0,0.0
0.001,10000.0,1,0.0001,1692,0.001,0.0,0.0,0.0,0.0,0.0
0.001,10000.0,1,0.0001,1693,0.000675,0.0,0.0,0.0,0.0,0.0
0.001,10000.0,1,0.0001,1694,0.0009,0.0,0.0,0.0,0.0,0.0
0.001,10000.0,1,0.0001,1695,0.000625,0.0,0.0,0.0,0.0,0.0
0.001,10000.0,1,0.0001,1696,0.000825,0.0,0.0,0.0,0.0,0.0
0.001,10000.0,1,0.0001,1697,0.000875,0.0,0.0,0.0,0.0,0.0
0.001,10000.0,1,0.0001,1698,0.000725,0.0,0.0,0.0,0.0,0.0
0.001,10000.0,1,0.0001,1699,0.000775,0.0,0.0,0.0,0.0,0.0
0.001,10000.0,1,0.0001,1700,0.000725,0.0,0.0,0.0,0.0,0.0
0.001,10000.0,1,0.0001,1701,0.00085,0.0,0.0,0.0,0.0,0.0
0.001,10000.0,1,0.0001,1702,0.0008,0.0,0.0,0.0,0.0,0.0
0.001,10000.0,1,0.0001,1703,0.00065,0.0,0.0,0.0,0.0,0.0
0.001,10000.0,1,0.0001,1704,0.001,0.0,0.0,0.0,0.0,0.0
0.001,10000.0,1,0.0001,1705,0.000775,0.0,0.0,0.0,0.0,0.0
0.001,10000.0,1,0.0001,1706,0.000925,0.0,0.0,0.0,0.0,0.0
0.001,10000.0,1,0.0001,1707,0.00095,0.0,0.0,0.0,0.0,0.0
0.001,10000.0,1,0.0001,1708,0.001025,0.0,0.0,0.0,0.0,0.0
0.001,10000.0,1,0.0001,1709,0.000825,0.0,0.0,0.0,0.0,0.0
0.001,10000.0,1,0.0001,1710,0.000675,0.0,0.0,0.0,0.0,0.0
0.001,10000.0,1,0.0001,1711,0.00045,0.0,0.0,0.0,0.0,0.0
0.001,10000.0,1,0.0001,1712,0.0007,0.0,0.0,0.0,0.0,0.0
0.001,10000.0,1,0.0001,1713,0.000975,0.0,0.0,0.0,0.0,0.0
0.001,10000.0,1,0.0001,1714,0.000825,0.0,0.0,0.0,0.0,0.0
0.001,10000.0,1,0.0001,1715,0.001175,0.0,0.0,0.0,0.0,0.0
0.001,10000.0,1,0.0001,1716,0.001025,0.0,0.0,0.0,0.0,0.0
0.001,10000.0,1,0.0001,1717,0.0011,0.0,0.0,0.0,0.0,0.0
0.001,10000.0,1,0.0001,1718,0.000975,0.0,0.0,0.0,0.0,0.0
0.001,10000.0,1,0.0001,1719,0.001,0.0,0.0,0.0,0.0,0.0
0.001,10000.0,1,0.0001,1720,0.000925,0.0,0.0,0.0,0.0,0.0
0.001,10000.0,1,0.0001,1721,0.000975,0.0,0.0,0.0,0.0,0.0
0.001,10000.0,1,0.0001,1722,0.00075,0.0,0.0,0.0,0.0,0.0
0.001,10000.0,1,0.0001,1723,0.000875,0.0,0.0,0.0,0.0,0.0
0.001,10000.0,1,0.0001,1724,0.0011,0.0,0.0,0.0,0.0,0.0
0.001,10000.0,1,0.0001,1725,0.0007,0.0,0.0,0.0,0.0,0.0
0.001,10000.0,1,0.0001,1726,0.000925,0.0,0.0,0.0,0.0,0.0
0.001,10000.0,1,0.0001,1727,0.0008,0.0,0.0,0.0,0.0,0.0
0.001,10000.0,1,0.0001,1728,0.000875,0.0,0.0,0.0,0.0,0.0
0.001,10000.0,1,0.0001,1729,0.000725,0.0,0.0,0.0,0.0,0.0
0.001,10000.0,1,0.0001,1730,0.000825,0.0,0.0,0.0,0.0,0.0
0.001,10000.0,1,0.0001,1731,0.001075,0.0,0.0,0.0,0.0,0.0
0.001,10000.0,1,0.0001,1732,0.00075,0.0,0.0,0.0,0.0,0.0
0.001,10000.0,1,0.0001,1733,0.000775,0.0,0.0,0.0,0.0,0.0
0.001,10000.0,1,0.0001,1734,0.0008,0.0,0.0,0.0,0.0,0.0
0.001,10000.0,1,0.0001,1735,0.00105,0.0,0.0,0.0,0.0,0.0
0.001,10000.0,1,0.0001,1736,0.00095,0.0,0.0,0.0,0.0,0.0
0.001,10000.0,1,0.0001,1737,0.0012,0.0,0.0,0.0,0.0,0.0
0.001,10000.0,1,0.0001,1738,0.000825,0.0,0.0,0.0,0.0,0.0
0.001,10000.0,1,0.0001,1739,0.000925,0.0,0.0,0.0,0.0,0.0
0.001,10000.0,1,0.0001,1740,0.00075,0.0,0.0,0.0,0.0,0.0
0.001,10000.0,1,0.0001,1741,0.000775,0.0,0.0,0.0,0.0,0.0
0.001,10000.0,1,0.0001,1742,0.0008,0.0,0.0,0.0,0.0,0.0
0.001,10000.0,1,0.0001,1743,0.000575,0.0,0.0,0.0,0.0,0.0
0.001,10000.0,1,0.0001,1744,0.001,0.0,0.0,0.0,0.0,0.0
0.001,10000.0,1,0.0001,1745,0.0009,0.0,0.0,0.0,0.0,0.0
0.001,10000.0,1,0.0001,1746,0.00115,0.0,0.0,0.0,0.0,0.0
0.001,10000.0,1,0.0001,1747,0.000725,0.0,0.0,0.0,0.0,0.0
0.001,10000.0,1,0.0001,1748,0.0007,0.0,0.0,0.0,0.0,0.0
0.001,10000.0,1,0.0001,1749,0.00085,0.0,0.0,0.0,0.0,0.0
0.001,10000.0,1,0.0001,1750,0.0007,0.0,0.0,0.0,0.0,0.0
0.001,10000.0,1,0.0001,1751,0.0008,0.0,0.0,0.0,0.0,0.0
0.001,10000.0,1,0.0001,1752,0.000675,0.0,0.0,0.0,0.0,0.0
0.001,10000.0,1,0.0001,1753,0.000625,0.0,0.0,0.0,0.0,0.0
0.001,10000.0,1,0.0001,1754,0.0008,0.0,0.0,0.0,0.0,0.0
0.001,10000.0,1,0.0001,1755,0.0008,0.0,0.0,0.0,0.0,0.0
0.001,10000.0,1,0.0001,1756,0.000925,0.0,0.0,0.0,0.0,0.0
0.001,10000.0,1,0.0001,1757,0.000775,0.0,0.0,0.0,0.0,0.0
0.001,10000.0,1,0.0001,1758,0.000975,0.0,0.0,0.0,0.0,0.0
0.001,10000.0,1,0.0001,1759,0.0008,0.0,0.0,0.0,0.0,0.0
0.001,10000.0,1,0.0001,1760,0.001075,0.0,0.0,0.0,0.0,0.0
0.001,10000.0,1,0.0001,1761,0.000625,0.0,0.0,0.0,0.0,0.0
0.001,10000.0,1,0.0001,1762,0.00075,0.0,0.0,0.0,0.0,0.0
0.001,10000.0,1,0.0001,1763,0.000775,0.0,0.0,0.0,0.0,0.0
0.001,10000.0,1,0.0001,1764,0.000675,0.0,0.0,0.0,0.0,0.0
0.001,10000.0,1,0.0001,1765,0.000775,0.0,0.0,0.0,0.0,0.0
0.001,10000.0,1,0.0001,1766,0.000725,0.0,0.0,0.0,0.0,0.0
0.001,10000.0,1,0.0001,1767,0.000775,0.0,0.0,0.0,0.0,0.0
0.001,10000.0,1,0.0001,1768,0.000875,0.0,0.0,0.0,0.0,0.0
0.001,10000.0,1,0.0001,1769,0.000675,0.0,0.0,0.0,0.0,0.0
0.001,10000.0,1,0.0001,1770,0.001,0.0,0.0,0.0,0.0,0.0
0.001,10000.0,1,0.0001,1771,0.000975,0.0,0.0,0.0,0.0,0.0
0.001,10000.0,1,0.0001,1772,0.0008,0.0,0.0,0.0,0.0,0.0
0.001,10000.0,1,0.0001,1773,0.000975,0.0,0.0,0.0,0.0,0.0
0.001,10000.0,1,0.0001,1774,0.00085,0.0,0.0,0.0,0.0,0.0
0.001,10000.0,1,0.0001,1775,0.000625,0.0,0.0,0.0,0.0,0.0
0.001,10000.0,1,0.0001,1776,0.000775,0.0,0.0,0.0,0.0,0.0
0.001,10000.0,1,0.0001,1777,0.000925,0.0,0.0,0.0,0.0,0.0
0.001,10000.0,1,0.0001,1778,0.000875,0.0,0.0,0.0,0.0,0.0
0.001,10000.0,1,0.0001,1779,0.00095,0.0,0.0,0.0,0.0,0.0
0.001,10000.0,1,0.0001,1780,0.00075,0.0,0.0,0.0,0.0,0.0
0.001,10000.0,1,0.0001,1781,0.00065,0.0,0.0,0.0,0.0,0.0
0.001,10000.0,1,0.0001,1782,0.000825,0.0,0.0,0.0,0.0,0.0
0.001,10000.0,1,0.0001,1783,0.000625,0.0,0.0,0.0,0.0,0.0
0.001,10000.0,1,0.0001,1784,0.00095,0.0,0.0,0.0,0.0,0.0
0.001,10000.0,1,0.0001,1785,0.000725,0.0,0.0,0.0,0.0,0.0
0.001,10000.0,1,0.0001,1786,0.000775,0.0,0.0,0.0,0.0,0.0
0.001,10000.0,1,0.0001,1787,0.0008,0.0,0.0,0.0,0.0,0.0
0.001,10000.0,1,0.0001,1788,0.000775,0.0,0.0,0.0,0.0,0.0
0.001,10000.0,1,0.0001,1789,0.000475,0.0,0.0,0.0,0.0,0.0
0.001,10000.0,1,0.0001,1790,0.000875,0.0,0.0,0.0,0.0,0.0
0.001,10000.0,1,0.0001,1791,0.00095,0.0,0.0,0.0,0.0,0.0
0.001,10000.0,1,0.0001,1792,0.00085,0.0,0.0,0.0,0.0,0.0
0.001,10000.0,1,0.0001,1793,0.001075,0.0,0.0,0.0,0.0,0.0
0.001,10000.0,1,0.0001,1794,0.001,0.0,0.0,0.0,0.0,0.0
0.001,10000.0,1,0.0001,1795,0.000925,0.0,0.0,0.0,0.0,0.0
0.001,10000.0,1,0.0001,1796,0.000525,0.0,0.0,0.0,0.0,0.0
0.001,10000.0,1,0.0001,1797,0.0009,0.0,0.0,0.0,0.0,0.0
0.001,10000.0,1,0.0001,1798,0.000825,0.0,0.0,0.0,0.0,0.0
0.001,10000.0,1,0.0001,1799,0.000775,0.0,0.0,0.0,0.0,0.0
0.001,10000.0,1,0.0001,1800,0.001125,0.0,0.0,0.0,0.0,0.0
0.001,10000.0,1,0.0001,1801,0.000675,0.0,0.0,0.0,0.0,0.0
0.001,10000.0,1,0.0001,1802,0.000925,0.0,0.0,0.0,0.0,0.0
0.001,10000.0,1,0.0001,1803,0.000725,0.0,0.0,0.0,0.0,0.0
0.001,10000.0,1,0.0001,1804,0.001025,0.0,0.0,0.0,0.0,0.0
0.001,10000.0,1,0.0001,1805,0.00105,0.0,0.0,0.0,0.0,0.0
0.001,10000.0,1,0.0001,1806,0.0008,0.0,0.0,0.0,0.0,0.0
0.001,10000.0,1,0.0001,1807,0.00055,0.0,0.0,0.0,0.0,0.0
0.001,10000.0,1,0.0001,1808,0.000575,0.0,0.0,0.0,0.0,0.0
0.001,10000.0,1,0.0001,1809,0.001,0.0,0.0,0.0,0.0,0.0
0.001,10000.0,1,0.0001,1810,0.000775,0.0,0.0,0.0,0.0,0.0
0.001,10000.0,1,0.0001,1811,0.0006,0.0,0.0,0.0,0.0,0.0
0.001,10000.0,1,0.0001,1812,0.000575,0.0,0.0,0.0,0.0,0.0
0.001,10000.0,1,0.0001,1813,0.000725,0.0,0.0,0.0,0.0,0.0
0.001,10000.0,1,0.0001,1814,0.000925,0.0,0.0,0.0,0.0,0.0
0.001,10000.0,1,0.0001,1815,0.000975,0.0,0.0,0.0,0.0,0.0
0.001,10000.0,1,0.0001,1816,0.00115,0.0,0.0,0.0,0.0,0.0
0.001,10000.0,1,0.0001,1817,0.0009,0.0,0.0,0.0,0.0,0.0
0.001,10000.0,1,0.0001,1818,0.000575,0.0,0.0,0.0,0.0,0.0
0.001,10000.0,1,0.0001,1819,0.00075,0.0,0.0,0.0,0.0,0.0
0.001,10000.0,1,0.0001,1820,0.000825,0.0,0.0,0.0,0.0,0.0
0.001,10000.0,1,0.0001,1821,0.0008,0.0,0.0,0.0,0.0,0.0
0.001,10000.0,1,0.0001,1822,0.0007,0.0,0.0,0.0,0.0,0.0
0.001,10000.0,1,0.0001,1823,0.000875,0.0,0.0,0.0,0.0,0.0
0.001,10000.0,1,0.0001,1824,0.000825,0.0,0.0,0.0,0.0,0.0
0.001,10000.0,1,0.0001,1825,0.00085,0.0,0.0,0.0,0.0,0.0
0.001,10000.0,1,0.0001,1826,0.000875,0.0,0.0,0.0,0.0,0.0
0.001,10000.0,1,0.0001,1827,0.000675,0.0,0.0,0.0,0.0,0.0
0.001,10000.0,1,0.0001,1828,0.001,0.0,0.0,0.0,0.0,0.0
0.001,10000.0,1,0.0001,1829,0.00075,0.0,0.0,0.0,0.0,0.0
0.001,10000.0,1,0.0001,1830,0.001,0.0,0.0,0.0,0.0,0.0
0.001,10000.0,1,0.0001,1831,0.000825,0.0,0.0,0.0,0.0,0.0
0.001,10000.0,1,0.0001,1832,0.000925,0.0,0.0,0.0,0.0,0.0
0.001,10000.0,1,0.0001,1833,0.0006,0.0,0.0,0.0,0.0,0.0
0.001,10000.0,1,0.0001,1834,0.001,0.0,0.0,0.0,0.0,0.0
0.001,10000.0,1,0.0001,1835,0.000475,0.0,0.0,0.0,0.0,0.0
0.001,10000.0,1,0.0001,1836,0.000525,0.0,0.0,0.0,0.0,0.0
0.001,10000.0,1,0.0001,1837,0.000625,0.0,0.0,0.0,0.0,0.0
0.001,10000.0,1,0.0001,1838,0.000675,0.0,0.0,0.0,0.0,0.0
0.001,10000.0,1,0.0001,1839,0.0008,0.0,0.0,0.0,0.0,0.0
0.001,10000.0,1,0.0001,1840,0.000775,0.0,0.0,0.0,0.0,0.0
0.001,10000.0,1,0.0001,1841,0.000725,0.0,0.0,0.0,0.0,0.0
0.001,10000.0,1,0.0001,1842,0.000825,0.0,0.0,0.0,0.0,0.0
0.001,10000.0,1,0.0001,1843,0.0006,0.0,0.0,0.0,0.0,0.0
0.001,10000.0,1,0.0001,1844,0.000775,0.0,0.0,0.0,0.0,0.0
0.001,10000.0,1,0.0001,1845,0.0008,0.0,0.0,0.0,0.0,0.0
0.001,10000.0,1,0.0001,1846,0.000925,0.0,0.0,0.0,0.0,0.0
0.001,10000.0,1,0.0001,1847,0.00085,0.0,0.0,0.0,0.0,0.0
0.001,10000.0,1,0.0001,1848,0.00095,0.0,0.0,0.0,0.0,0.0
0.001,10000.0,1,0.0001,1849,0.00065,0.0,0.0,0.0,0.0,0.0
0.001,10000.0,1,0.0001,1850,0.000775,0.0,0.0,0.0,0.0,0.0
0.001,10000.0,1,0.0001,1851,0.001125,0.0,0.0,0.0,0.0,0.0
0.001,10000.0,1,0.0001,1852,0.0007,0.0,0.0,0.0,0.0,0.0
0.001,10000.0,1,0.0001,1853,0.000725,0.0,0.0,0.0,0.0,0.0
0.001,10000.0,1,0.0001,1854,0.000675,0.0,0.0,0.0,0.0,0.0
0.001,10000.0,1,0.0001,1855,0.001025,0.0,0.0,0.0,0.0,0.0
0.001,10000.0,1,0.0001,1856,0.000775,0.0,0.0,0.0,0.0,0.0
0.001,10000.0,1,0.0001,1857,0.00075,0.0,0.0,0.0,0.0,0.0
0.001,10000.0,1,0.0001,1858,0.000625,0.0,0.0,0.0,0.0,0.0
0.001,10000.0,1,0.0001,1859,0.000925,0.0,0.0,0.0,0.0,0.0
0.001,10000.0,1,0.0001,1860,0.0008,0.0,0.0,0.0,0.0,0.0
0.001,10000.0,1,0.0001,1861,0.00095,0.0,0.0,0.0,0.0,0.0
0.001,10000.0,1,0.0001,1862,0.0008,0.0,0.0,0.0,0.0,0.0
0.001,10000.0,1,0.0001,1863,0.00065,0.0,0.0,0.0,0.0,0.0
0.001,10000.0,1,0.0001,1864,0.000725,0.0,0.0,0.0,0.0,0.0
0.001,10000.0,1,0.0001,1865,0.000775,0.0,0.0,0.0,0.0,0.0
0.001,10000.0,1,0.0001,1866,0.000775,0.0,0.0,0.0,0.0,0.0
0.001,10000.0,1,0.0001,1867,0.000725,0.0,0.0,0.0,0.0,0.0
0.001,10000.0,1,0.0001,1868,0.000925,0.0,0.0,0.0,0.0,0.0
0.001,10000.0,1,0.0001,1869,0.00085,0.0,0.0,0.0,0.0,0.0
0.001,10000.0,1,0.0001,1870,0.00085,0.0,0.0,0.0,0.0,0.0
0.001,10000.0,1,0.0001,1871,0.000975,0.0,0.0,0.0,0.0,0.0
0.001,10000.0,1,0.0001,1872,0.000625,0.0,0.0,0.0,0.0,0.0
0.001,10000.0,1,0.0001,1873,0.0008,0.0,0.0,0.0,0.0,0.0
0.001,10000.0,1,0.0001,1874,0.000975,0.0,0.0,0.0,0.0,0.0
0.001,10000.0,1,0.0001,1875,0.0011,0.0,0.0,0.0,0.0,0.0
0.001,10000.0,1,0.0001,1876,0.0009,0.0,0.0,0.0,0.0,0.0
0.001,10000.0,1,0.0001,1877,0.0008,0.0,0.0,0.0,0.0,0.0
0.001,10000.0,1,0.0001,1878,0.000775,0.0,0.0,0.0,0.0,0.0
0.001,10000.0,1,0.0001,1879,0.00095,0.0,0.0,0.0,0.0,0.0
0.001,10000.0,1,0.0001,1880,0.00095,0.0,0.0,0.0,0.0,0.0
0.001,10000.0,1,0.0001,1881,0.00085,0.0,0.0,0.0,0.0,0.0
0.001,10000.0,1,0.0001,1882,0.000875,0.0,0.0,0.0,0.0,0.0
0.001,10000.0,1,0.0001,1883,0.000825,0.0,0.0,0.0,0.0,0.0
0.001,10000.0,1,0.0001,1884,0.0008,0.0,0.0,0.0,0.0,0.0
0.001,10000.0,1,0.0001,1885,0.000725,0.0,0.0,0.0,0.0,0.0
0.001,10000.0,1,0.0001,1886,0.00065,0.0,0.0,0.0,0.0,0.0
0.001,10000.0,1,0.0001,1887,0.00085,0.0,0.0,0.0,0.0,0.0
0.001,10000.0,1,0.0001,1888,0.000925,0.0,0.0,0.0,0.0,0.0
0.001,10000.0,1,0.0001,1889,0.0007,0.0,0.0,0.0,0.0,0.0
0.001,10000.0,1,0.0001,1890,0.000925,0.0,0.0,0.0,0.0,0.0
0.001,10000.0,1,0.0001,1891,0.0008,0.0,0.0,0.0,0.0,0.0
0.001,10000.0,1,0.0001,1892,0.000725,0.0,0.0,0.0,0.0,0.0
0.001,10000.0,1,0.0001,1893,0.000675,0.0,0.0,0.0,0.0,0.0
0.001,10000.0,1,0.0001,1894,0.001,0.0,0.0,0.0,0.0,0.0
0.001,10000.0,1,0.0001,1895,0.000775,0.0,0.0,0.0,0.0,0.0
0.001,10000.0,1,0.0001,1896,0.000725,0.0,0.0,0.0,0.0,0.0
0.001,10000.0,1,0.0001,1897,0.000825,0.0,0.0,0.0,0.0,0.0
0.001,10000.0,1,0.0001,1898,0.0008,0.0,0.0,0.0,0.0,0.0
0.001,10000.0,1,0.0001,1899,0.00075,0.0,0.0,0.0,0.0,0.0
0.001,10000.0,1,0.0001,1900,0.000875,0.0,0.0,0.0,0.0,0.0
0.001,10000.0,1,0.0001,1901,0.00095,0.0,0.0,0.0,0.0,0.0
0.001,10000.0,1,0.0001,1902,0.00095,0.0,0.0,0.0,0.0,0.0
0.001,10000.0,1,0.0001,1903,0.000825,0.0,0.0,0.0,0.0,0.0
0.001,10000.0,1,0.0001,1904,0.000825,0.0,0.0,0.0,0.0,0.0
0.001,10000.0,1,0.0001,1905,0.0009,0.0,0.0,0.0,0.0,0.0
0.001,10000.0,1,0.0001,1906,0.000775,0.0,0.0,0.0,0.0,0.0
0.001,10000.0,1,0.0001,1907,0.0009,0.0,0.0,0.0,0.0,0.0
0.001,10000.0,1,0.0001,1908,0.000825,0.0,0.0,0.0,0.0,0.0
0.001,10000.0,1,0.0001,1909,0.000475,0.0,0.0,0.0,0.0,0.0
0.001,10000.0,1,0.0001,1910,0.000625,0.0,0.0,0.0,0.0,0.0
0.001,10000.0,1,0.0001,1911,0.000925,0.0,0.0,0.0,0.0,0.0
0.001,10000.0,1,0.0001,1912,0.001075,0.0,0.0,0.0,0.0,0.0
0.001,10000.0,1,0.0001,1913,0.000775,0.0,0.0,0.0,0.0,0.0
0.001,10000.0,1,0.0001,1914,0.001025,0.0,0.0,0.0,0.0,0.0
0.001,10000.0,1,0.0001,1915,0.001025,0.0,0.0,0.0,0.0,0.0
0.001,10000.0,1,0.0001,1916,0.000925,0.0,0.0,0.0,0.0,0.0
0.001,10000.0,1,0.0001,1917,0.00085,0.0,0.0,0.0,0.0,0.0
0.001,10000.0,1,0.0001,1918,0.00085,0.0,0.0,0.0,0.0,0.0
0.001,10000.0,1,0.0001,1919,0.000525,0.0,0.0,0.0,0.0,0.0
0.001,10000.0,1,0.0001,1920,0.00115,0.0,0.0,0.0,0.0,0.0
0.001,10000.0,1,0.0001,1921,0.0007,0.0,0.0,0.0,0.0,0.0
0.001,10000.0,1,0.0001,1922,0.000725,0.0,0.0,0.0,0.0,0.0
0.001,10000.0,1,0.0001,1923,0.00065,0.0,0.0,0.0,0.0,0.0
0.001,10000.0,1,0.0001,1924,0.000575,0.0,0.0,0.0,0.0,0.0
0.001,10000.0,1,0.0001,1925,0.000775,0.0,0.0,0.0,0.0,0.0
0.001,10000.0,1,0.0001,1926,0.001025,0.0,0.0,0.0,0.0,0.0
0.001,10000.0,1,0.0001,1927,0.001225,0.0,0.0,0.0,0.0,0.0
0.001,10000.0,1,0.0001,1928,0.00095,0.0,0.0,0.0,0.0,0.0
0.001,10000.0,1,0.0001,1929,0.0007,0.0,0.0,0.0,0.0,0.0
0.001,10000.0,1,0.0001,1930,0.000875,0.0,0.0,0.0,0.0,0.0
0.001,10000.0,1,0.0001,1931,0.000875,0.0,0.0,0.0,0.0,0.0
0.001,10000.0,1,0.0001,1932,0.0009,0.0,0.0,0.0,0.0,0.0
0.001,10000.0,1,0.0001,1933,0.0009,0.0,0.0,0.0,0.0,0.0
0.001,10000.0,1,0.0001,1934,0.000825,0.0,0.0,0.0,0.0,0.0
0.001,10000.0,1,0.0001,1935,0.000775,0.0,0.0,0.0,0.0,0.0
0.001,10000.0,1,0.0001,1936,0.00085,0.0,0.0,0.0,0.0,0.0
0.001,10000.0,1,0.0001,1937,0.0005,0.0,0.0,0.0,0.0,0.0
0.001,10000.0,1,0.0001,1938,0.001175,0.0,0.0,0.0,0.0,0.0
0.001,10000.0,1,0.0001,1939,0.000825,0.0,0.0,0.0,0.0,0.0
0.001,10000.0,1,0.0001,1940,0.00085,0.0,0.0,0.0,0.0,0.0
0.001,10000.0,1,0.0001,1941,0.0007,0.0,0.0,0.0,0.0,0.0
0.001,10000.0,1,0.0001,1942,0.00075,0.0,0.0,0.0,0.0,0.0
0.001,10000.0,1,0.0001,1943,0.000875,0.0,0.0,0.0,0.0,0.0
0.001,10000.0,1,0.0001,1944,0.000975,0.0,0.0,0.0,0.0,0.0
0.001,10000.0,1,0.0001,1945,0.0011,0.0,0.0,0.0,0.0,0.0
0.001,10000.0,1,0.0001,1946,0.000825,0.0,0.0,0.0,0.0,0.0
0.001,10000.0,1,0.0001,1947,0.001,0.0,0.0,0.0,0.0,0.0
0.001,10000.0,1,0.0001,1948,0.000675,0.0,0.0,0.0,0.0,0.0
0.001,10000.0,1,0.0001,1949,0.000775,0.0,0.0,0.0,0.0,0.0
0.001,10000.0,1,0.0001,1950,0.000775,0.0,0.0,0.0,0.0,0.0
0.001,10000.0,1,0.0001,1951,0.00095,0.0,0.0,0.0,0.0,0.0
0.001,10000.0,1,0.0001,1952,0.0008,0.0,0.0,0.0,0.0,0.0
0.001,10000.0,1,0.0001,1953,0.001,0.0,0.0,0.0,0.0,0.0
0.001,10000.0,1,0.0001,1954,0.000825,0.0,0.0,0.0,0.0,0.0
0.001,10000.0,1,0.0001,1955,0.00095,0.0,0.0,0.0,0.0,0.0
0.001,10000.0,1,0.0001,1956,0.00085,0.0,0.0,0.0,0.0,0.0
0.001,10000.0,1,0.0001,1957,0.000725,0.0,0.0,0.0,0.0,0.0
0.001,10000.0,1,0.0001,1958,0.0009,0.0,0.0,0.0,0.0,0.0
0.001,10000.0,1,0.0001,1959,0.000525,0.0,0.0,0.0,0.0,0.0
0.001,10000.0,1,0.0001,1960,0.000875,0.0,0.0,0.0,0.0,0.0
0.001,10000.0,1,0.0001,1961,0.000825,0.0,0.0,0.0,0.0,0.0
0.001,10000.0,1,0.0001,1962,0.001025,0.0,0.0,0.0,0.0,0.0
0.001,10000.0,1,0.0001,1963,0.00105,0.0,0.0,0.0,0.0,0.0
0.001,10000.0,1,0.0001,1964,0.000725,0.0,0.0,0.0,0.0,0.0
0.001,10000.0,1,0.0001,1965,0.00095,0.0,0.0,0.0,0.0,0.0
0.001,10000.0,1,0.0001,1966,0.0008,0.0,0.0,0.0,0.0,0.0
0.001,10000.0,1,0.0001,1967,0.000675,0.0,0.0,0.0,0.0,0.0
0.001,10000.0,1,0.0001,1968,0.000825,0.0,0.0,0.0,0.0,0.0
0.001,10000.0,1,0.0001,1969,0.000675,0.0,0.0,0.0,0.0,0.0
0.001,10000.0,1,0.0001,1970,0.000675,0.0,0.0,0.0,0.0,0.0
0.001,10000.0,1,0.0001,1971,0.000925,0.0,0.0,0.0,0.0,0.0
0.001,10000.0,1,0.0001,1972,0.0009,0.0,0.0,0.0,0.0,0.0
0.001,10000.0,1,0.0001,1973,0.00085,0.0,0.0,0.0,0.0,0.0
0.001,10000.0,1,0.0001,1974,0.001075,0.0,0.0,0.0,0.0,0.0
0.001,10000.0,1,0.0001,1975,0.000575,0.0,0.0,0.0,0.0,0.0
0.001,10000.0,1,0.0001,1976,0.000825,0.0,0.0,0.0,0.0,0.0
0.001,10000.0,1,0.0001,1977,0.0009,0.0,0.0,0.0,0.0,0.0
0.001,10000.0,1,0.0001,1978,0.00065,0.0,0.0,0.0,0.0,0.0
0.001,10000.0,1,0.0001,1979,0.000775,0.0,0.0,0.0,0.0,0.0
0.001,10000.0,1,0.0001,1980,0.00085,0.0,0.0,0.0,0.0,0.0
0.001,10000.0,1,0.0001,1981,0.000775,0.0,0.0,0.0,0.0,0.0
0.001,10000.0,1,0.0001,1982,0.00085,0.0,0.0,0.0,0.0,0.0
0.001,10000.0,1,0.0001,1983,0.0006,0.0,0.0,0.0,0.0,0.0
0.001,10000.0,1,0.0001,1984,0.0007,0.0,0.0,0.0,0.0,0.0
0.001,10000.0,1,0.0001,1985,0.0008,0.0,0.0,0.0,0.0,0.0
0.001,10000.0,1,0.0001,1986,0.000875,0.0,0.0,0.0,0.0,0.0
0.001,10000.0,1,0.0001,1987,0.000875,0.0,0.0,0.0,0.0,0.0
0.001,10000.0,1,0.0001,1988,0.00085,0.0,0.0,0.0,0.0,0.0
0.001,10000.0,1,0.0001,1989,0.00075,0.0,0.0,0.0,0.0,0.0
0.001,10000.0,1,0.0001,1990,0.000975,0.0,0.0,0.0,0.0,0.0
0.001,10000.0,1,0.0001,1991,0.000775,0.0,0.0,0.0,0.0,0.0
0.001,10000.0,1,0.0001,1992,0.001,0.0,0.0,0.0,0.0,0.0
0.001,10000.0,1,0.0001,1993,0.000875,0.0,0.0,0.0,0.0,0.0
0.001,10000.0,1,0.0001,1994,0.00075,0.0,0.0,0.0,0.0,0.0
0.001,10000.0,1,0.0001,1995,0.0009,0.0,0.0,0.0,0.0,0.0
0.001,10000.0,1,0.0001,1996,0.001,0.0,0.0,0.0,0.0,0.0
0.001,10000.0,1,0.0001,1997,0.00055,0.0,0.0,0.0,0.0,0.0
0.001,10000.0,1,0.0001,1998,0.001025,0.0,0.0,0.0,0.0,0.0
0.001,10000.0,1,0.0001,1999,0.00075,0.0,0.0,0.0,0.0,0.0
